El valor medio de los autovalores es: 7.24452008114e-06
EL valor medio del autovector es: 
-0.007293897911
0.0143237482802
0.0679704554431
0.0101149358043
-0.106050223812
-0.00323463891723
-0.00188007362156
0.0186793387313
0.0587698957194
-0.00149161576303
-0.00162670933728
-0.00205895580828
0.00203609196673
-0.00091908318477
0.0775004522004
-0.0687820076427
-0.00100494876454
-0.00170020292185
0.00133496107138
0.113680530366
-0.00896298533355
-0.00277570534616
-0.00231744185992
-0.0016286961695
-0.00413495333696
-0.00297287944884
-0.00251068155497
-0.00137533973008
-0.00290252247794
-0.00270326526509
-0.00234093147134
-0.00230959402542
-0.078815598623
-0.00359364438917
-0.00267872848303
-0.00262343160549
-0.00311687511446
-0.00754708058746
0.00656113363512
-0.00346584999719
-0.0027865122908
-0.00267288466422
-0.00289060740656
-0.00256940898041
-0.00270079664733
-0.00262598417917
-0.00258026838062
-0.00279945307318
-0.00269606739252
-0.00263786274631
-0.00265338881138
0.000223683804033
-0.00295261744775
-0.0026325022707
-0.00290036650721
-0.00879381685641
-0.00285499870621
-0.00274300812446
0.00600159489571
0.105465806391
-0.00264336438843
-0.00269314320722
-0.00269296397872
-0.00424828845212
-0.00294302820029
-0.00314044196121
-0.0107865289156
-0.00124646460818
0.0178071842936
-0.0827664818683
