El valor medio de los autovalores es: 6.60997039779e-10
EL valor medio del autovector es: 
1.17528978166e-05
1.1688146658e-05
1.25572489513e-05
1.22435477675e-05
1.18190177895e-05
1.17079107628e-05
1.16760870859e-05
1.167421638e-05
1.26420218351e-05
1.25647487318e-05
1.23598678096e-05
1.20882963882e-05
1.17258293668e-05
1.16858882066e-05
1.16735812123e-05
1.21491582198e-05
1.25926713586e-05
1.25150594288e-05
1.1709404318e-05
1.16998997256e-05
0.000101730585011
-5.14774508363e-05
0.0
0.0
9.26267657772e-06
8.7301032717e-06
0.0
-0.00010246414746
0.0
0.0
0.0
0.0
0.0
0.0
1.25081072062e-05
1.23321869826e-05
1.17374339923e-05
1.15337978354e-05
1.16541256042e-05
1.16553596268e-05
1.26966069302e-05
1.26465949024e-05
1.25752691951e-05
1.23574754624e-05
1.19639490471e-05
1.16132619866e-05
1.16538287038e-05
1.16525020073e-05
1.16520699949e-05
1.26763262236e-05
1.26500026164e-05
1.26109212668e-05
1.24743917917e-05
1.20918412092e-05
1.17571659373e-05
1.16692257249e-05
1.16550740927e-05
1.16544134856e-05
0.0
1.2649467739e-05
1.26192252246e-05
1.25332359497e-05
1.2335602558e-05
1.18135065856e-05
1.17007906111e-05
1.16608361183e-05
1.1655841478e-05
1.26824496406e-05
1.2632788295e-05
1.25813763464e-05
1.24843086256e-05
1.18475671444e-05
1.1732267681e-05
1.16677706787e-05
1.17038995889e-05
0.0
0.0
0.0
0.0
9.83947133258e-05
-5.84659419674e-08
8.90479276247e-06
6.81781984515e-06
0.0
0.0
0.000104612346713
6.8538112352e-05
-5.48453640169e-08
0.0
0.0
6.69541932517e-06
5.70646820031e-06
6.33664666504e-06
6.70707096819e-06
0.000157419140632
0.00015509228836
0.000107760524617
0.0
0.00263337447448
8.87289998701e-06
-0.00126853688191
-4.83711126267e-06
5.22564872829e-06
6.49555958125e-06
0.000160280979574
0.000163128544395
0.697514002007
1.57694034391e-05
1.00775156522e-05
8.17065637951e-06
9.50548157627e-06
6.75009416666e-06
6.3230323328e-06
6.73443594916e-06
1.93829119544e-05
1.51028024526e-05
1.40825021533e-05
1.16973248492e-05
1.06461381592e-05
1.05808459888e-05
1.09432371409e-05
1.1541089433e-05
1.29112068589e-05
1.327113151e-05
1.35351967884e-05
1.36876644771e-05
1.26475373191e-05
1.09832916726e-05
1.11975786638e-05
1.12946632099e-05
1.14202913831e-05
0.0
1.2717856187e-05
1.26857831513e-05
1.28564923879e-05
1.29922125829e-05
1.22688096356e-05
1.17980133524e-05
1.15126451199e-05
1.15640235482e-05
1.16303147054e-05
0.0
1.29532708873e-05
1.26681826948e-05
1.26769028563e-05
1.26462055107e-05
1.23721268479e-05
1.19371401721e-05
1.16921172941e-05
1.16406548759e-05
1.16494676746e-05
0.0
1.2672151255e-05
1.26588994002e-05
1.26250582109e-05
1.25161713133e-05
1.20139813503e-05
1.17792983968e-05
1.16564502154e-05
1.16496745343e-05
1.26459914215e-05
1.27148705724e-05
1.21025396065e-05
1.19414959555e-05
0.0
6.95051580256e-06
6.92598694925e-06
6.76105962884e-06
6.81832155835e-06
0.0
0.0
6.72699923739e-06
6.72856150098e-06
6.72725511048e-06
6.72561053592e-06
0.0
0.0
6.7354128987e-06
6.72782497822e-06
6.71591578154e-06
6.70943587333e-06
9.53304205091e-06
0.0
0.000179071624276
0.000114132943515
7.9239054096e-05
6.80141531709e-06
6.77424850484e-06
6.70236178939e-06
6.70071000856e-06
6.28273196254e-06
6.41030067456e-06
0.0
0.000325232290312
0.00017658404544
0.00011510085113
6.55628085918e-05
6.90156504619e-06
6.83853208309e-06
6.71819634581e-06
6.50381909139e-06
6.17353934312e-06
6.27240593266e-06
7.23134521936e-06
0.000144144641125
0.000149896207969
0.000171685361452
8.14166049475e-05
0.000399594463789
7.08223019287e-06
6.63436307816e-06
8.22797499587e-06
6.44535411982e-06
6.51890891511e-06
6.75226915778e-06
0.0
3.70065473973e-05
0.000141322143592
0.000145934130343
0.00267125763218
4.06915456458e-05
8.58914196223e-06
7.49933969733e-06
8.29936125874e-06
6.64155779317e-06
6.75029134746e-06
6.87442983063e-06
7.91589949054e-06
2.5382520919e-05
3.56860387455e-05
5.0551509303e-05
6.0908042215e-05
1.72833650404e-05
1.24283374443e-05
1.00858736352e-05
9.98679104673e-06
8.02319836992e-06
6.95708177457e-06
7.34312825581e-06
7.88104212e-06
0.0
1.99574313256e-05
3.01202987107e-05
1.6920805215e-05
1.41780175836e-05
1.32644736871e-05
1.09963809867e-05
1.09473736756e-05
1.1038017978e-05
7.96473559225e-06
7.49896479378e-06
0.00550545498956
1.96898379115e-05
0.0
1.36441241443e-05
1.36844426048e-05
1.36182442862e-05
1.12267094675e-05
1.12067530917e-05
1.13864108339e-05
0.0
6.93407083693e-06
0.0
1.30711529248e-05
1.65530776571e-05
1.32085537981e-05
1.33036809188e-05
1.15114470134e-05
1.15728364928e-05
1.28673792128e-05
1.42908555929e-05
0.0
1.12729196366e-05
8.5024263431e-06
9.17524278539e-06
1.2367854161e-05
1.21537603086e-05
1.23160437548e-05
1.25564430105e-05
1.87977563141e-05
0.0
1.05135641848e-05
1.38001965908e-05
1.27551496336e-05
1.3641134505e-05
1.48759109227e-05
9.01608889349e-06
0.0
0.0
0.0
7.73695388278e-06
7.66784587415e-06
8.92331568312e-06
8.60589337609e-06
7.02731796829e-06
7.44225939254e-06
6.76512098607e-06
6.85718537936e-06
7.50241227366e-06
1.49469906561e-05
7.20005349382e-06
6.90035741191e-06
6.69099039498e-06
6.72845612782e-06
6.7505647195e-06
6.71994456963e-06
6.71747756863e-06
6.64811874854e-06
7.06186095103e-06
0.0
7.5657722571e-06
6.67558442879e-06
7.23204779417e-06
6.82392391534e-06
6.74197825245e-06
6.70259092718e-06
6.66218820182e-06
6.54269288684e-06
6.50399436207e-06
8.12192877706e-06
2.30773974218e-05
8.08834589665e-06
9.29029756648e-06
7.30082664025e-06
6.72020936337e-06
6.65031613945e-06
6.50902538443e-06
6.47968355826e-06
7.40626816968e-06
8.94114223939e-06
0.0
1.52955715713e-05
7.19969753873e-05
2.17976972117e-05
9.74562647829e-06
6.7397421602e-06
6.59633106913e-06
6.50892976718e-06
6.56226136447e-06
6.70407664294e-06
8.66452044514e-06
-1.74029503472e-05
3.03187673473e-05
4.57176003487e-05
2.62452236158e-05
1.05854690845e-05
6.74112253761e-06
6.45390412139e-06
6.42714679433e-06
6.62287061331e-06
6.80814061019e-06
7.72664921388e-06
9.06929652029e-06
-3.57838339513e-05
5.75648000562e-05
4.2017363401e-05
3.73962353759e-05
9.61700482648e-06
7.35040542275e-06
6.9809879768e-06
6.80463042762e-06
6.76660290519e-06
6.83909813042e-06
6.86081580893e-06
1.0917182329e-05
-3.90588101377e-05
2.12018306435e-05
3.05252271591e-05
2.93388474723e-05
1.13129805806e-05
1.05983714983e-05
8.93286607642e-06
7.58636771613e-06
6.87569788993e-06
6.86068903364e-06
6.8810047277e-06
1.1517197751e-05
7.80390110335e-06
9.82994225397e-06
1.46598040646e-05
1.16492955407e-05
1.38572600949e-05
1.2623583497e-05
1.08447259656e-05
1.08102346867e-05
6.98171762857e-06
6.91222429021e-06
7.62442501956e-06
2.1083396463e-05
7.58373978361e-06
8.04187187879e-06
6.86344323478e-06
6.33180566801e-06
1.4044642349e-05
1.38639640576e-05
1.11169189805e-05
0.00229480984018
8.78918314739e-06
6.56083495966e-06
6.60303556486e-06
1.12641547422e-05
4.76716568014e-06
5.44598541827e-06
5.63399337151e-06
5.43623979345e-06
9.17922606214e-06
8.9975623151e-06
7.76753611492e-06
7.40323800328e-06
7.37255334685e-06
2.0530875181e-06
5.37656593965e-06
5.17099219525e-06
5.41376755773e-06
5.61188247727e-06
5.52395801675e-06
1.22375521964e-05
8.46183045412e-06
7.7411947276e-06
7.81585489537e-06
0.0
5.50672024738e-06
8.1739802547e-06
6.33613345729e-06
-1.55441884593e-10
1.00272869295e-05
0.0
0.0
-1.72214772394e-10
0.0
1.04377519975e-05
0.0
1.43659879937e-05
0.0
0.0
9.56045819856e-06
8.34373535978e-06
8.79357181584e-06
6.46578325092e-06
7.21092485356e-06
6.48346133858e-06
6.47130052013e-06
7.51317001461e-06
8.75599189939e-06
8.13330949437e-06
6.68162271537e-06
6.62447128613e-06
6.49714707003e-06
6.80974506397e-06
6.48311142203e-06
6.45237577121e-06
6.45971860849e-06
7.38013753613e-06
0.0
7.96057262558e-06
6.65762653308e-06
6.6606063931e-06
6.53822700977e-06
6.64858124959e-06
6.49407230463e-06
6.45687310277e-06
6.46045256385e-06
6.47250046031e-06
7.01248303777e-06
9.54516270393e-06
7.10884375454e-06
7.67425103478e-06
6.65952959655e-06
6.57372924506e-06
6.52044285767e-06
6.46108696971e-06
6.45686612977e-06
6.55108556255e-06
0.0
0.0
6.6132066574e-06
6.52093992568e-06
1.3456921944e-05
7.00489290174e-06
6.58801211538e-06
6.43958322063e-06
6.45419795566e-06
6.52491538821e-06
6.44931973177e-06
7.39015627635e-06
-2.92266935787e-05
-7.13708477927e-07
1.31074268691e-05
1.59405798801e-05
8.39089655036e-06
6.63509671363e-06
6.43768316835e-06
6.42745818787e-06
6.66861616768e-06
6.83538443202e-06
6.98123894067e-06
7.02782744735e-06
-5.11442946012e-05
1.52766503516e-05
1.62444907345e-05
1.13912114429e-05
7.50328340257e-06
6.68025462938e-06
6.74753769426e-06
6.70677585565e-06
6.89650154646e-06
6.80835353784e-06
6.83505636485e-06
7.01115987655e-06
-6.50497546399e-05
1.45055769793e-05
1.30947049151e-05
9.40578763964e-06
7.84680425682e-06
8.18658583593e-06
7.18961207773e-06
6.98643944801e-06
6.85086207973e-06
6.79972248467e-06
6.7855250139e-06
7.08936673039e-06
-3.40613883821e-05
4.84744384519e-06
7.39962682121e-06
6.68173104143e-06
6.06123473771e-06
1.17184357185e-05
7.10781475468e-06
6.91968208425e-06
6.66925786601e-06
6.6425062876e-06
6.58201764319e-06
6.53027436031e-06
-1.43214343682e-05
1.57103554817e-06
6.00165252993e-06
5.85108400146e-06
5.53795525549e-06
5.57592698851e-06
7.64611191646e-06
7.2037660602e-06
6.70194195432e-06
6.53511932085e-06
6.18046181779e-06
6.04293580889e-06
-2.5039231555e-06
5.45140225207e-06
5.51077541643e-06
5.38876971628e-06
5.45480169404e-06
8.51659752634e-06
7.60538127955e-06
7.201428327e-06
6.95226370153e-06
-9.38638471358e-06
2.48750722976e-06
5.06670718447e-06
5.28452544653e-06
5.39439293591e-06
5.47196103929e-06
1.29148981198e-05
8.6190952613e-06
7.63228534639e-06
7.75830985989e-06
-0.00245116729155
5.59901563254e-06
5.50326623159e-06
5.47094183163e-06
5.86678591686e-06
2.95618863811e-05
1.03189158414e-05
0.0
0.0
5.60978952367e-06
6.55428417151e-06
0.00771903407303
1.11093021379e-05
0.0
0.0
0.0
0.0
0.0
0.0
7.0223615442e-06
6.74416195391e-06
6.45076259953e-06
6.51529768146e-06
6.46738462036e-06
6.4523285685e-06
7.00271048611e-06
6.98525656852e-06
6.90641596819e-06
6.69984472457e-06
6.4983072437e-06
6.44977649712e-06
6.47863523589e-06
6.45299476471e-06
6.44322384327e-06
6.4834755331e-06
6.71983214921e-06
7.37346655851e-06
6.89425965999e-06
6.48974419176e-06
6.47515394524e-06
6.45424054233e-06
6.45908814315e-06
6.44342872611e-06
6.44055911972e-06
6.47196764398e-06
6.51108679219e-06
7.02432067735e-06
6.44848513141e-06
6.44728380251e-06
6.4633880885e-06
6.46662386381e-06
6.45222306485e-06
6.45215520145e-06
6.4388566711e-06
6.44156505953e-06
6.4433714993e-06
7.17381568795e-06
0.0
6.39199739289e-06
6.43706647167e-06
6.72540838832e-06
6.47785749271e-06
6.47222980571e-06
6.42486693408e-06
6.430417408e-06
6.45062301918e-06
6.44389156122e-06
6.48125184512e-06
-0.000147825220632
6.38527007217e-06
6.26110419703e-06
7.16110579007e-06
6.80330132421e-06
6.45742241581e-06
6.41735239468e-06
6.4234568916e-06
6.64805641231e-06
6.4532138489e-06
6.47669700711e-06
6.87793283427e-06
-0.000138902608657
6.6242692905e-06
6.45108487833e-06
6.6394699769e-06
6.67676490545e-06
6.43701924081e-06
6.42951285542e-06
6.49781880483e-06
6.63600080831e-06
6.74991260562e-06
6.77111915196e-06
7.06831300322e-06
-0.000140800120617
5.79902673126e-06
5.9416151934e-06
6.10341887547e-06
6.45597493839e-06
6.50635322348e-06
6.50046969562e-06
6.51107348631e-06
6.5323123584e-06
6.66554833075e-06
6.70961061443e-06
6.88268960147e-06
-8.5408990404e-05
-3.95323317962e-06
5.07457154606e-06
5.83912156232e-06
5.88464563587e-06
5.88214157222e-06
6.47028679318e-06
6.61525122238e-06
6.50965775832e-06
6.54716146173e-06
6.52786683925e-06
6.32029460062e-06
-4.48370202242e-05
-2.5814959155e-05
5.19884852075e-06
5.54937134702e-06
5.52423610972e-06
5.48640939559e-06
8.2462808502e-06
6.96939278257e-06
6.5177969731e-06
6.4769661441e-06
6.06190136634e-06
6.16361560747e-06
-1.45353638967e-05
4.7132647137e-06
5.3273564568e-06
5.26190628323e-06
5.3334493653e-06
7.73902812472e-06
7.34451474617e-06
6.79505242055e-06
6.57050487809e-06
5.9837008261e-06
0.0
4.62581672483e-06
4.67345947387e-06
4.83958167396e-06
3.48853430476e-06
8.02606498009e-06
7.81401025296e-06
7.19881351066e-06
7.68374195334e-06
1.15030738418e-05
0.0
9.31350319993e-06
4.67506608144e-06
-4.87411686884e-06
7.78070781197e-06
7.65133540524e-06
7.87237917759e-06
0.0
-0.00127292369906
-0.0012729236988
0.0
0.0
0.0
0.0
0.0
0.0
0.0
7.31026671129e-06
7.08480842995e-06
6.4753282581e-06
6.49070242539e-06
6.47140452982e-06
6.46405393798e-06
7.93815949731e-06
8.27072445652e-06
0.0
6.83573780246e-06
6.47799463439e-06
6.45115979599e-06
6.45972882756e-06
6.45380913035e-06
6.45031877186e-06
6.57997310977e-06
6.76279491556e-06
6.65418617246e-06
6.49722026479e-06
6.45981487599e-06
6.44545168994e-06
6.43322418936e-06
6.4472570981e-06
6.44632883745e-06
6.45661156742e-06
6.60788941802e-06
7.35686332264e-06
6.46689014951e-06
6.43388043331e-06
6.44151699005e-06
6.44202115217e-06
6.4357907591e-06
6.43987004639e-06
6.44194312721e-06
6.44097904227e-06
6.44322568772e-06
7.95204159423e-06
6.70012911154e-06
6.03281521805e-06
6.20407274446e-06
6.41655014571e-06
6.43354616597e-06
6.42835482731e-06
6.42359612874e-06
6.43576779476e-06
6.44230653122e-06
6.44902282468e-06
6.47799155661e-06
-0.000192613377773
4.93495952973e-06
5.46632114931e-06
6.48676083361e-06
6.48664015664e-06
6.38511471438e-06
6.38062934529e-06
6.41283949564e-06
6.48904309153e-06
6.4569612276e-06
6.47793746217e-06
6.58769705035e-06
-0.000197159286161
-7.32642967164e-07
3.65123462603e-06
6.03912664048e-06
6.3975903412e-06
6.33426429611e-06
6.33141152627e-06
6.39521623379e-06
6.50874762411e-06
6.46800015587e-06
6.48285577757e-06
6.5564568201e-06
-0.000351114645296
-3.56366012131e-05
-4.50065169052e-06
5.25556446476e-06
6.10142506021e-06
6.2716061224e-06
6.3141171691e-06
6.35431952271e-06
6.47611308309e-06
6.48906734192e-06
6.49934346178e-06
6.53374960942e-06
-0.000335090991914
-0.000174122513509
-1.65145721714e-05
5.15675102039e-06
5.66752857931e-06
5.76053364785e-06
6.41595644827e-06
6.44027671417e-06
6.48085728042e-06
6.51802296279e-06
6.5354470749e-06
6.55424204319e-06
-0.000318147334208
-0.000294021850457
-7.68409545723e-06
5.19753035495e-06
5.58159087472e-06
5.66925360702e-06
6.42706955704e-06
6.4303545251e-06
6.47213074659e-06
6.49823967678e-06
6.57446330749e-06
6.76261681233e-06
-4.6645692764e-06
1.49949465767e-06
3.88506051446e-06
4.9287334382e-06
4.48288684833e-06
7.61910831998e-06
6.51557922004e-06
6.48467977101e-06
6.26363530568e-06
6.39983357631e-06
-7.447378464e-07
2.04078763443e-06
4.61794656636e-06
4.10471053836e-06
7.88514549636e-06
7.68394820928e-06
6.60717064854e-06
6.42154835828e-06
0.0
4.38204186448e-06
7.05005993673e-07
7.9385087417e-06
8.61788011045e-06
0.0
0.0
6.71470613394e-06
6.58460692621e-06
6.46204624683e-06
0.0
0.0
7.14755208405e-06
6.64567440957e-06
6.45647799012e-06
6.45846492823e-06
6.4543655921e-06
6.45377640216e-06
6.8863534072e-06
6.76236610278e-06
7.43178359137e-06
6.92030478135e-06
6.47190188852e-06
6.45010282235e-06
6.45080776442e-06
6.44964116661e-06
6.44856013156e-06
6.45996381627e-06
6.64801698929e-06
9.75348840939e-06
7.04784564998e-06
6.41797135621e-06
6.39100499269e-06
6.43494433577e-06
6.44637904396e-06
6.44096198462e-06
6.44180979841e-06
6.44377198331e-06
6.44870232097e-06
6.84946825364e-06
6.08059568376e-06
6.02844631079e-06
6.27906428015e-06
6.41204208193e-06
6.37829136966e-06
6.40151287335e-06
6.42616290077e-06
6.4421016383e-06
6.44649427007e-06
6.47263009119e-06
-0.000274246678686
5.92696635759e-06
5.36178600046e-06
5.94153293127e-06
6.3050848946e-06
6.33753804615e-06
6.34058815694e-06
6.39291901474e-06
6.48252028073e-06
6.43304019858e-06
6.45504989424e-06
8.07785574229e-06
-0.000272069921651
-1.63075402864e-05
-3.11474051339e-06
5.02620036966e-06
6.27302033992e-06
6.32062030317e-06
6.32869863376e-06
6.35761403784e-06
6.46309348767e-06
6.4752254317e-06
6.48920974786e-06
6.61587706056e-06
-0.000480020018226
-9.02803684903e-05
-1.45944838523e-07
4.5804445104e-06
5.82152684803e-06
6.24313953186e-06
6.34899859399e-06
6.38785076165e-06
6.44204081025e-06
6.48427384125e-06
6.50199049051e-06
6.55983852489e-06
-0.000728785889267
-0.000712750258985
-5.1289718796e-06
4.08747307441e-06
5.49968819098e-06
6.06775842066e-06
6.37143084199e-06
6.41113427415e-06
6.50018775204e-06
6.51692363481e-06
6.53487489191e-06
6.59269047928e-06
-0.000547714224959
-1.88344271153e-05
4.40836704662e-06
5.28018315194e-06
5.01003044076e-06
6.46412991246e-06
6.44854351794e-06
6.46377665702e-06
6.43550230909e-06
6.63406305186e-06
-0.000340930734407
-0.000191441404396
-4.96566715873e-07
4.83631351359e-06
4.49298207974e-06
6.59199846742e-06
6.5458965288e-06
6.37762063258e-06
-3.71732991934e-06
6.75238797603e-06
-0.000195108627583
6.71236149269e-07
4.83211310697e-06
4.33704398257e-06
7.98410806647e-06
1.13927735969e-05
6.45335347107e-06
-0.000970861575947
0.0
0.0
0.0
0.0
0.00297470659102
0.0
0.0
0.0
0.0
0.0
6.46767087914e-06
6.46307165579e-06
6.5083396674e-06
0.0
9.72851907318e-06
8.16486349905e-06
6.5158388489e-06
6.45330591498e-06
6.45198059e-06
6.44992425205e-06
6.46875352058e-06
6.49846457981e-06
6.966462977e-06
0.0
9.32257471259e-06
6.38624283923e-06
6.44116286558e-06
6.44553552334e-06
6.44269131513e-06
6.44514697887e-06
6.44639699509e-06
6.49297328603e-06
9.05086353394e-06
6.32554234326e-06
6.37407683252e-06
6.38338166332e-06
6.39610497846e-06
6.40858720745e-06
6.41618746128e-06
6.43799009435e-06
6.44563843388e-06
0.0
5.84354394404e-06
5.81264763963e-06
5.72045960785e-06
6.27968319799e-06
6.31927295824e-06
6.33753330504e-06
6.36278565579e-06
6.45037082484e-06
6.43206739993e-06
6.42335072734e-06
-0.000131529696828
-3.66425717306e-05
1.75746761205e-06
5.14330304868e-06
6.08858496988e-06
5.65054704914e-06
6.33759345061e-06
6.35430395712e-06
6.44386082183e-06
6.45894621426e-06
6.47898581017e-06
-0.000561260713441
-4.95587366973e-05
2.85692454743e-06
4.87661808679e-06
5.51256345932e-06
5.37332487837e-06
6.39071287034e-06
6.40855203215e-06
6.44648260869e-06
6.49448927117e-06
6.81447849657e-06
-0.00274380041047
1.22339553332e-06
4.81827659518e-06
5.18631392094e-06
4.80220014798e-06
6.44887876057e-06
6.43330323514e-06
6.46458047147e-06
6.52091710318e-06
7.87580013705e-06
-0.00155928607904
-2.30328719453e-05
-1.93026192698e-06
4.92593846291e-06
5.21054543839e-06
6.46684622568e-06
6.4470033367e-06
6.45634097921e-06
6.55427345139e-06
8.26829548025e-06
0.0
-2.87594002712e-05
-1.35602105914e-06
5.1298687111e-06
5.22817686062e-06
6.49531910893e-06
6.46460326334e-06
6.44274292239e-06
0.0
0.0
0.0
5.26364247429e-06
5.26136002748e-06
0.0
0.0
0.0
0.0
0.0
0.0
0.0
7.52395228584e-06
0.0
0.0
0.0
0.0
0.0
6.44207390583e-06
6.44543464417e-06
6.44811924431e-06
6.43974023922e-06
6.45945751496e-06
6.53711440828e-06
0.0
0.0
6.21471636234e-06
6.41398973583e-06
6.41937095227e-06
6.4325874271e-06
6.43310771108e-06
6.43711694545e-06
0.0
0.0
5.56387498414e-06
5.48457261167e-06
6.21221868118e-06
6.3290452792e-06
6.33453232072e-06
6.39384396972e-06
6.45863429711e-06
6.51117951474e-06
0.0
4.3657239959e-06
5.23997613777e-06
6.07980027144e-06
6.13297254075e-06
6.34492648516e-06
6.35794958022e-06
6.43305258255e-06
6.46095398752e-06
0.0
0.0
4.07647336436e-06
4.91546701962e-06
5.31573579697e-06
5.36192644945e-06
6.40300759869e-06
6.41758393554e-06
6.42682974997e-06
6.48328845018e-06
0.0
-0.716464857585
0.0
4.94664518305e-06
5.0798259838e-06
4.6196011496e-06
6.44621949257e-06
6.4370573684e-06
6.46083470158e-06
6.47080937497e-06
0.0
0.0
-1.22260479865e-06
4.95454718028e-06
1.14357636096e-05
6.53234128053e-06
6.46066629432e-06
6.4713945409e-06
0.0
0.0
1.77543946264e-07
3.79475370801e-06
0.00297872794194
6.61323310163e-06
6.57049421552e-06
0.0
0.0
0.0
0.0
0.0
0.0
0.0
0.0
0.0
0.0
0.0
0.0
0.0
0.0
0.0
5.245680228e-06
6.33867831726e-06
6.31281952693e-06
6.33293735351e-06
0.0
0.0
5.32698171307e-06
6.04392489184e-06
6.15245663179e-06
6.34498152011e-06
6.40059225446e-06
6.43897562247e-06
0.0
5.25358764371e-06
5.26001677369e-06
5.32675056763e-06
6.41790186423e-06
6.4258522828e-06
0.0
0.0
5.02211207383e-06
4.98267285238e-06
6.55464653566e-06
6.46274030081e-06
0.0
0.0
5.00297044772e-06
5.57282387614e-06
0.0
7.74660376311e-06
0.0
