El valor medio de los autovalores es: 2.44751433255e-09
EL valor medio del autovector es: 
0.0
0.0
0.0
0.0
0.0
0.0
0.0
0.0
0.0
0.0
0.0
0.0
0.0
0.0
0.0
0.0
0.0
0.0
0.0
0.0
-0.000493404624425
-0.000358421962563
0.0124321087491
-0.000570679056253
-0.000575812345044
-0.000600991023374
-0.000350759596149
-0.000352534672471
0.0
-0.00106887561089
-0.000517882833515
-0.00056709736484
0.0
0.0
-0.000374671283509
-0.00039073438693
-0.00035510052786
-0.000365729737532
-0.000476674010844
-0.000435724104288
0.0
-0.00036400885651
-0.000357076352315
-0.000363813229092
-0.000354028395473
-0.000369334534467
-0.000454262242867
-0.000431067349162
-0.100150999565
-0.000688895597993
0.0
-0.000357079875456
-0.000357653023073
-0.000357029402811
-0.000381800450604
-0.000391243224352
-0.000422508380169
-0.0884808207822
0.0
0.0
0.0
0.0
0.0
-0.000450306059578
0.0
0.0
0.0
0.0
0.0
0.0
0.0
0.0
0.0
0.0
0.0
0.0
0.0
0.0
0.0
-0.000553084372749
0.0
0.0
0.0
0.0
-0.000463943197306
-0.000488758628233
-0.000349198330511
-0.000387204779106
-0.000375924901889
-0.000414120250703
-0.000425902804234
-0.00107850589187
-0.000618864516326
-0.00216777402747
-0.000356307226973
-0.000345836008307
-0.000263647905544
0.000842833720881
-0.000387125961967
0.0
-0.000457980086841
-0.000486361931116
-0.000403030220206
-0.00040022556132
-0.000700692842607
-0.000913612486697
0.0
-0.000356972977081
-0.000345607952285
-0.000345050462605
0.0
-0.000496873828441
-0.000401953901057
-0.000397409056548
-0.000366609177576
-0.000667498512769
-0.000353679481303
-0.000351021576986
-0.000359454253048
-0.000373201398936
-0.0004322181496
0.0
-0.000367334586827
-0.000360333080368
-0.000356503863691
-0.000355632040551
-0.000353726307956
-0.000372300827936
-0.00038437825456
-0.000392098831968
-0.0952934514776
0.0
-0.000374466020615
-0.000361131170009
-0.000356758252769
-0.000356320788247
-0.000356721237848
-0.000380342518182
-0.000389658435408
-0.000397103591446
-0.0804879187518
-0.082479289108
-0.000574828468569
-0.000518398487216
-0.000357313057599
-0.000357064926892
-0.000364205122237
-0.000389016520197
-0.000398085319414
-0.000419309931605
-0.0734741245863
0.0
0.0
-0.000362781825818
-0.000363462566725
-0.000369387623724
-0.000547278432332
-0.000419734143313
0.0
-0.0856911437774
-0.000471506552066
-0.000396217374743
0.0
-0.00047081443002
0.0
-0.000355478539876
-0.000355720727929
-0.000355903013994
-0.00035626021575
0.0
0.0
-0.000353874806629
-0.000353487280772
-0.000353512512295
-0.000353900017682
-0.0003924105542
-0.000385771576415
-0.000356819248792
-0.000354829408926
-0.000352693561946
-0.000353379761069
-0.000355966847897
-0.000363624209322
0.0
-0.000385369499303
-0.000381219220653
-0.000362773712242
-0.000361323287866
-0.00035913370182
-0.000359609072085
-0.000355842839752
-0.000361261988596
0.0
0.0
-0.000438711122259
-0.000356214042221
-0.000332498893428
-0.000359718152092
-0.0003640166056
-0.000363433895819
-0.000363234726255
-0.000338733885231
-0.000335668578857
-0.00166257248503
0.0
-0.000350031078955
-0.00033802788992
-0.000308587929757
0.0
-0.00037435744396
-0.000372854755538
-0.000362159594772
-0.000339258404471
-0.000335923463595
-0.000472351154401
0.0
0.0
-0.000563886189771
-0.000373058479567
-0.000337915894216
-0.000346450043755
-0.000341934648286
-0.000341673250256
-0.000352746483478
-0.000336746686036
-0.000323745933721
-0.000387886830498
-0.000617047786257
0.0
-0.000355456430818
-0.000359210159503
-0.000357119824454
-0.000350783877167
-0.0003488298712
-0.000353571846378
-0.000366511557292
-0.000590970069387
-0.000328993768032
-0.000378317503124
-0.000685333133584
0.0
-0.000378208150818
-0.000358796011578
-0.000356251520352
-0.000354600287837
-0.000353506292952
-0.000369287321373
-0.000378956154009
-0.000394892362781
-0.00121551503149
-0.00140416731676
0.0
-0.000384682525871
-0.000356752048096
-0.00035670515837
-0.00035580666779
-0.000354694068314
-0.000377162411491
-0.000387546031418
-0.000408375887514
-0.00349692781841
-0.00361536729975
-0.00039620896072
-0.000357746626446
-0.000356929757716
-0.000356587746366
-0.000355930280608
-0.000383623779694
-0.000402092870436
-0.000586250490582
-0.004518204045
-0.00382391650474
-0.000366006953902
-0.000359787934963
-0.000359779429647
-0.000359988807119
-0.000391885248141
-0.000409641713893
-0.000474781140898
-0.0424603390985
-0.000367484115179
-0.000365998097017
-0.000380788722065
-0.000406214348722
-0.000409663710547
0.0
-0.000368415395002
-0.000362639981772
-0.00036262368066
-0.000363432141361
-0.0003640964434
-0.000374438198088
-0.000379899813951
-0.000363035701832
-0.000358493454796
-0.00035904026831
-0.000359008545859
-0.000358896711132
-0.000363124304432
-0.000373680320248
-0.000364983208202
-0.000363153757766
-0.00036301483917
-0.000353574414696
-0.000353324373355
-0.000352114690768
-0.000353037304882
-0.000347042181391
-0.000344153126578
-0.000343839208089
-0.000372366588904
-0.000371014584186
-0.000361254878541
-0.000355850058174
-0.000354848264598
-0.000349761660873
-0.000347255697588
-0.00034743951078
-0.000342534648149
-0.000345369037897
-0.000353220320331
-0.000350533687594
-0.000353791093454
-0.000343250567589
-0.000362629440639
-0.000350938864056
-0.000344851955373
-0.00034454806576
-0.000357274524435
-0.00040838586791
0.0
-0.00035323095693
-0.000350242850761
-0.000340222729641
-0.000342968679091
-0.000355673830138
-0.000353051682616
-0.000344545413397
-0.000337539715985
-0.000334352779009
-0.000338570699605
-0.000460930278892
-0.000345740318104
-0.000343804823286
-0.000341663928263
-0.000341813622598
-0.00034159109388
-0.000341390369192
-0.000338914901691
-0.000335928476626
-0.000325292467517
-0.000323310771334
0.0
-0.00043666267924
-0.000345082318607
-0.000344040780282
-0.000343232912271
-0.000341793851176
-0.000341750058903
-0.000341457140847
-0.000340448456033
-0.000327692567379
-0.000315385457816
-0.000313565257197
-0.000342255272572
-0.000370502736498
-0.000343823455869
-0.00034387945336
-0.000346025513054
-0.000344819330387
-0.000343335324625
-0.000345118219799
-0.000344306413039
-0.000324367325866
-0.000310865450801
-0.000321955593132
-0.000358154744781
-0.000363565382628
-0.000344187647091
-0.000343843503849
-0.000351332953338
-0.000354528427675
-0.000352138137332
-0.000363057042214
-0.000375757896324
-0.000330058630174
-0.000329373993605
-0.000349865518551
-0.000491433179116
-0.000365733055904
-0.000380497028355
-0.000346419520176
-0.000348287124826
-0.000354625493752
-0.000354731156117
-0.000373337194183
-0.000378593106548
-0.000343597351045
-0.00177447185696
-0.00168235184135
-0.00129042485665
-0.000434359770635
-0.000347512418616
-0.000346246325648
-0.000367647128162
-0.000363000911237
-0.000382664563457
-0.000406631750609
-0.000378787365717
-0.000490800650679
-0.0034871270974
-0.00640713398924
-0.000351388334421
-0.000348836670477
-0.000356190154195
-0.000359060597709
-0.000413209215506
-0.000413382442757
-0.000364595482382
-0.000377859752433
-0.00040495246112
-0.000386564324513
-0.00037493983945
-0.000375923222032
-0.000426737000668
-0.000426976326034
-0.000458622137998
-0.000484005369922
-0.000799736734189
-0.000799736734093
-2.8093998653e-12
0.0
-0.000364283727856
-0.000366131602533
-0.000370757853428
-0.00036749793091
-0.000360757605205
-2.80983080763e-12
-0.000342787830996
-0.000359648679994
-0.000359720895195
-0.000356838783433
-0.000354809587205
-0.000349767640949
-0.000359814194744
-0.000356702671059
-0.000341581869819
-0.000341550563637
-0.00034406872136
-0.00034328180837
-0.000341724944997
-0.00034340175676
-0.000344126830751
-0.000344494509293
-0.000371041330605
-0.000341887316134
-0.000341501703572
-0.000341491030775
-0.00034236255378
-0.000343654566434
-0.000341827690465
-0.000342255574644
-0.00034227349682
-0.000345042809937
0.0
-0.000342233258506
-0.000341479900667
-0.000341549309877
-0.000341667995549
-0.000342856447447
-0.000342071175325
-0.000342101537692
-0.000341903196488
0.0
-0.000589131106174
-0.000347174078304
-0.000342224306612
-0.000341379870223
-0.000341620588724
-0.000341652909033
-0.000342003667146
-0.000342281089412
-0.000340885143303
-0.000341425147038
0.00159190897144
-0.000365467636151
-0.000356099147423
-0.000345560948272
-0.000341728583192
-0.000341578437348
-0.000341581026311
-0.000341477690636
-0.000340280883791
-0.000336582609575
-0.000291610035326
0.00155964838253
0.00121233094827
-0.000371576976188
-0.000346244469164
-0.000343339298923
-0.000341937498653
-0.000341640798914
-0.00034164006674
-0.000341413663393
-0.000341283080756
-0.00033568090335
-0.0002763818414
0.000475766949136
0.000646697651333
-0.000384331252997
-0.000343582268743
-0.000343141194409
-0.000341869935349
-0.000341839812854
-0.000342052168663
-0.00034223094526
-0.000341443877673
-0.00033654606909
-0.000304959420676
-0.000302440032058
-0.000397502589324
-0.000363667481471
-0.000342846070228
-0.000342880839989
-0.00034344330856
-0.000342940881428
0.0
-0.000349213150577
-0.000346786424854
-0.000338388142186
-0.000324630067796
-0.000328060884059
-0.000380284260545
-0.000362217191066
-0.000356293433724
-0.000343216229523
-0.000344773368517
-0.000345859681565
0.0
-0.000364727351726
-0.000355992421896
-0.000358149926713
-0.000359233548419
-0.000411494084007
-0.000410022570579
-0.000368894772692
-0.000346050059811
-0.000345704203582
-0.000347050892765
-0.000350056602598
-0.000354404724626
-0.000354265965878
-0.000361817727666
-0.000372372743102
-0.000536534650673
-0.000370600446935
-0.000354326659552
-0.000347349097834
-0.000349445017486
-0.000350222625573
-0.000354323250409
-0.000354206092858
-0.000359103425623
-0.000366583016282
-0.000531847194753
-0.000461995827399
0.0
-0.00035088485837
-0.000352670603452
0.0
-0.000359358481111
-0.000431699675992
-0.000464326171349
0.0
0.0
2.58641043694e-05
0.000381510069503
0.0
7.99865314344e-12
8.00184021662e-12
0.0
0.0
0.0
-0.000354804006011
-0.000357403643994
-0.000342473574801
-0.000364924382538
-0.000365530517324
-0.000343106865224
-0.000366233645048
-0.000364469027579
-0.000351048691718
-0.000346066837388
-0.000341983548742
-0.000341949979139
-0.00034372533627
-0.000343440626568
-0.000341659101497
-0.000343802420576
-0.000349990324384
-0.000372791963493
-0.000345801231253
-0.000342169058815
-0.00034170797177
-0.000341636606871
-0.000341994856661
-0.000341581816849
-0.00034157921257
-0.000342129861695
-0.000342525324341
-0.000354529406303
-0.000343204187301
-0.000342194673705
-0.000341507433042
-0.000341531314539
-0.000341688438228
-0.000341689552968
-0.000341544348408
-0.000341604815133
-0.000341760402002
-0.000420081112774
-0.000406066812592
-0.000343024045984
-0.000341925584876
-0.000341428853938
-0.000341536788947
-0.000341604304662
-0.000341580202894
-0.000341505366942
-0.000341027915665
-0.000338327398668
0.000440710935863
-0.000374990485734
-0.000342910260561
-0.000341868683718
-0.00034167494075
-0.000341581702011
-0.000341605435712
-0.00034158477343
-0.000341558378935
-0.000340516424325
-0.000310121176171
0.0060780822087
0.0294919737341
-0.000385386442969
-0.000344841933778
-0.000343618782252
-0.000341702161828
-0.00034162209256
-0.000341596929017
-0.000341545607701
-0.000341512924958
-0.000340458932773
4.00550877446e-06
0.00181943499081
0.0656979458247
-0.000356907335028
-0.000343373470943
-0.000342908974254
-0.000341848888102
-0.000341527848186
-0.000341283612709
-0.000341320768607
-0.000341183682804
-0.000337193053745
-0.000299709840312
-0.000273337109411
0.969092735512
-0.00036267343363
-0.000342708677191
-0.000342693590782
-0.000342770496452
-0.000342156158643
-0.000341434098882
-0.000341550428517
-0.000343004493223
-0.000339203500712
-0.000330627145659
-0.00033055672735
-0.000418510469948
-0.000361092771729
-0.000350229145741
-0.000343036626325
-0.000343379813628
-0.00034436176752
-0.000346663175041
-0.000341707340095
-0.000348726552123
-0.000345048532831
-0.000346657958101
-0.000389302478333
-0.000407760535939
-0.000411233512388
-0.000346823854376
-0.000345046325212
-0.000346702792357
-0.000350086872961
-0.000352325501431
-0.000352016285907
-0.000349790577444
-0.000350999328151
-0.000353342311798
0.0
-0.000349707586572
-0.000346814566041
-0.000347869001748
-0.000348659590826
-0.000350975761708
-0.000351660258391
-0.000352961881251
-0.000363883243822
-0.00043949984607
0.0
-0.000355609135607
-0.000348857969255
-0.000349622584506
-0.000354422391556
-0.00035333325117
-0.000374861342801
0.0
0.0
0.0
-0.000353892026198
0.0
0.0
1.87839144188e-14
2.33153052312e-14
-0.00103415150356
-0.00108471025099
-0.00036291528823
-0.000370916861556
-0.000374623469595
-0.000375263177237
-0.000375745261738
-0.000375625273165
-0.000375189889011
-0.000367641258686
-0.00036387189314
-0.000352774115975
-0.000348479143716
-0.000342414982815
-0.000342775493577
-0.000343354789468
-0.000341960988905
-0.000350020136433
-0.000352199706338
-0.000399211838609
-0.000343258559588
-0.000342836593708
-0.000342146675616
-0.000342172438682
-0.000341908086223
-0.000341716175297
-0.000341878325839
-0.000342157010682
0.0
-0.000342419316248
-0.000342258713918
-0.000341759048499
-0.000341740291737
-0.000341596971135
-0.000341570083598
-0.000341574244756
-0.000341362805885
-0.000341528627822
-0.000356660657363
-0.000361934935165
-0.000345358873391
-0.000341950068776
-0.000341481817202
-0.000341448448222
-0.000341420635928
-0.000341427618549
-0.000341210826606
-0.000340392195698
-0.000339700561517
-0.000341333585324
-0.000389795850798
-0.000342182919172
-0.000342036271257
-0.000341658319734
-0.000341565736465
-0.000341511777893
-0.00034152412085
-0.000341534342688
-0.000340802329359
-0.000339245410831
-0.000340146538023
0.00115421759008
0.0
-0.00034211847061
-0.000342104823249
-0.000341721201131
-0.000341620893679
-0.000341595128328
-0.000341595337769
-0.00034152694199
-0.000340989672304
-0.000340433368569
-0.000339998030729
7.82485585724e-05
-0.000422559682568
-0.00034272266905
-0.00034250400479
-0.000342297088739
-0.000342224243099
-0.00034177802526
-0.000341571767745
-0.000341272454254
-0.000338788421827
-0.000339575633011
-0.000339986604776
0.000113524448813
-0.00527942774001
-0.000343017018135
-0.000342773000909
-0.000342720174322
-0.000342776062357
-0.000342366022178
-0.000341453225408
-0.000341447985517
-0.000338487609712
-0.000335280217056
-0.000332519388534
-0.00045881286681
-0.00527942774001
-0.000357908885877
-0.00034538594679
-0.000343024579713
-0.000342980666035
-0.000343642391123
-0.000342267831216
-0.00034157547466
-0.000340284670792
-0.00034394552646
-0.000371251603105
0.0
-0.000372066539797
-0.000347741379979
-0.000344030107379
-0.000344600605989
-0.000347606341225
-0.000349511099514
-0.00034466825141
-0.000342014608226
-0.000347879623334
-0.000370529165766
0.0
-0.00034631420212
-0.000347932198815
-0.000348458841425
-0.000349866593109
-0.000348407136344
-0.000365864371115
-0.000363377022711
0.0
-0.000349505607143
-0.000349982611489
-0.000350663472694
-0.000348951689896
-0.00539677698584
-0.000375383336264
-0.000375952357717
-0.000375927296699
-0.0003758237198
-0.000376019837226
-0.000376953348424
-0.000354972320901
-0.000356757009342
-0.000345384910991
-0.00034269178101
-0.000346664796095
-0.00035699840506
-0.000373956026387
-0.000368192786444
0.0
-0.00034401889843
-0.000344510401173
-0.00034230228569
-0.000342370080082
-0.000341942973697
-0.000341840707399
-0.000343187165982
2.69091546245e-05
0.0
-0.000343227026729
-0.000342555344038
-0.000342546823851
-0.000341966194625
-0.000342025514636
-0.000341675898995
-0.00034171437278
-0.000342070885739
-0.000341818152951
0.0
-0.000348596421866
-0.000343335970699
-0.000341729411774
-0.000341457288492
-0.000341418308322
-0.000341421852801
-0.000341182276556
-0.00034077551323
-0.00034059460766
-0.000345521995867
-0.000452699383349
-0.000345206581563
-0.000342613731361
-0.000341694888871
-0.000341591137768
-0.000341539902965
-0.000341552197909
-0.00034154004217
-0.000341189181881
-0.000341138644946
-0.000341623559268
0.0
0.0
-0.000342461565509
-0.00034215393463
-0.000341863315428
-0.000341728983328
-0.00034161152472
-0.000341589213294
-0.000341557241998
-0.000341196892003
-0.000340902301986
-0.000340639805266
0.0
0.0
-0.000342361340048
-0.000342200665523
-0.000342240876562
-0.000342443350071
-0.000342108202274
-0.000341438658516
-0.000341229057986
-0.000340510655011
-0.000340312171792
-0.000340112697625
0.0
0.0
-0.000343555870519
-0.00034265944993
-0.000342636556328
-0.000342703357151
-0.000342385932557
-0.000341379604302
-0.000341028031014
-0.000339793374072
-0.000339099499652
-0.000337910567586
-0.00498443801156
-0.000367751482386
-0.000343703144839
-0.000342944807038
-0.00034301019136
-0.000343928236135
-0.000342288582003
-0.000341099755123
-0.000340367806787
-0.000340705038519
-0.000370420977442
-0.00046146146758
-0.000445277563539
-0.000343536244576
-0.000343628805594
-0.000345532236317
-0.000343003957864
-0.000342652518747
-0.000340360511226
-0.000369931717505
-0.000371756391061
-0.000575291269504
-0.000632179887289
-0.00034887298095
-0.000349046872806
-0.000343343481435
-0.000352436311295
-0.000387299585614
-0.000381474965595
0.0
0.0
0.0
-0.000350064460147
0.0
0.0
0.0
-0.000704120794136
-0.000388305876629
-0.000361445280282
-0.000370644103062
-0.00546728147151
-0.00040380195473
-0.000382676323421
0.0
-0.000386171193733
-0.000354387164703
-0.000343145459767
-0.000342401223185
-0.000341969340485
-0.000340625150167
-0.000330807011254
0.000396926606395
-0.00538671145361
-0.000343839475171
-0.000343060555596
-0.000342074252992
-0.000341932214394
-0.000341555097864
-0.000341530092822
-0.000344289455056
-0.0050785312918
-0.00555907144954
-0.000365181991809
-0.000342308228301
-0.000341568090528
-0.000341523984
-0.000341419280257
-0.000341286918666
-0.000341249424152
-0.000341067086537
0.0
-0.000376866846977
-0.000342540906273
-0.000342100357157
-0.000341673549088
-0.000341646135198
-0.000341491142621
-0.000341547679677
-0.000341409508621
-0.000341390774459
-0.000404188900903
0.0
-0.00039914800282
-0.000342641831233
-0.000342729058837
-0.000342122984665
-0.000342370467047
-0.000341393695453
-0.000341482500462
-0.000341517108211
-0.000341527438354
-0.000341652636856
0.0
-0.000342388374061
-0.000342312697292
-0.000342869794325
-0.00034261935156
-0.000342720053451
-0.00034114676443
-0.000341129565485
-0.000341218303519
-0.000341025582262
-0.000340526701882
-0.000353593993145
-0.000342626225932
-0.000343745042131
-0.000343151876175
-0.00034408565467
-0.000341692011388
-0.000341078063612
-0.000341640693033
-0.000340278090545
-0.000340784385499
-0.000373115211479
-0.000360232925286
-0.000344993375542
-0.000344587700613
-0.000346568140184
-0.000342225147481
-0.000341177758712
-0.000341672591469
-0.000353437357182
-0.000378462494824
0.0
-0.000389431063514
-0.000353673588074
-0.000349850509782
-0.000348465113632
-0.000314157795578
-0.000325001046886
-0.000330608957923
-0.000344152474012
0.0
-0.000407827604109
-0.00038184227131
0.0
-0.000126623957829
-0.000140477935552
-0.000324688663171
0.0
0.0
0.0
-0.00514129134385
-0.000367624369116
0.0
-0.000376961257862
-0.000181397740805
0.000141993962755
-0.000379092519522
-0.000354399911255
-0.00034854642632
-0.000341994447943
-0.000341531686301
-0.000341967724464
0.00209445639445
0.0
-0.000396476050245
-0.0003423207769
-0.000341684626585
-0.000341629597657
-0.000341405545749
-0.00034098176848
-0.000342156292554
-0.000446127718546
0.0
-0.00034662048779
-0.000342738226603
-0.000341750805764
-0.000341688661617
-0.000341519619369
-0.000341584714974
-0.000341887642106
-0.000342607606939
-0.000423842333458
-0.000344730044379
-0.000343428520235
-0.000342147133716
-0.000342294372203
-0.000341308225068
-0.000341436728438
-0.000341754000068
-0.000342352878264
-0.000405328010755
0.0
-0.000346310838898
-0.000345047253024
-0.000342940558468
-0.000342811707336
-0.000340739511376
-0.000340901510339
-0.000341440398338
-0.000357984542347
-0.000519372340189
0.0
-0.000370725349813
-0.000346734915776
-0.000345443745341
-0.000346620375562
-0.000346125954355
-0.000341634475855
-0.000353424252727
-0.000358182992057
0.0
0.0
-0.000355515481157
-0.000355960749668
-0.000376120710199
-0.000344198725665
-0.000348552612273
-0.000353843133298
-0.000357840208665
0.0
-0.000352904308997
-0.00035374421115
-0.000367964975912
-0.00032768692596
-0.000326990135887
-0.000331194691839
0.0
0.0
0.0
0.0118822184221
0.000805535465707
0.0
0.0
0.0
0.0
0.0
0.0
0.0
-0.00103643297308
0.0
-0.000347683309736
-0.000343691639376
-0.000341828898223
-0.000341597600169
-0.000553347699088
-0.00064037447567
-0.000344767576272
-0.000342310710691
-0.000342410536759
-0.000341309772764
-0.000341632544232
-0.000348148270086
0.0
-0.000345238755642
-0.000346718435105
-0.000347342062398
-0.000341210796637
-0.0003472185236
-0.000349740967861
-0.000351826464005
-0.000353912382703
-0.000390296172977
-0.000371658848805
-0.000383606840348
-0.000374882990373
-0.000356338154109
-0.000357172266942
-0.000391351733653
-0.000363459105357
-0.000364319795693
-0.00565846468802
