El valor medio de los autovalores es: 0.000610433316834
EL valor medio del autovector es: 
0.0
0.0
0.0
0.0
0.0
0.0
0.0
0.0
0.0
0.0
0.0
0.0
0.0
0.0
0.0
0.0
0.0
0.0
0.0
0.0
-0.877459312931
-0.061897182921
-0.0469360639829
0.000836038765922
0.00402055984686
0.00308087577478
-0.0611681227687
-0.0619385633005
0.0
0.00117617129488
0.00347141922405
0.00292305325056
0.0
0.0
0.00463781568017
0.00459544774186
0.00359800989535
0.00369846777692
0.00705137399405
0.00705244297742
0.0
0.00413644729298
0.00454619517021
0.00444507977399
0.00354483669943
0.00377096513014
0.00496975778601
0.00659361453103
0.00431136138473
0.00405671587509
0.0
0.0044829115812
0.00438138002551
0.00403423785902
0.00442115219542
0.00427746238493
0.00461660458273
0.00428420676389
0.0
0.0
0.0
0.0
0.0
0.00628768912324
0.0
0.0
0.0
0.0
0.0
0.0
0.0
0.0
0.0
0.0
0.0
0.0
0.0
0.0
0.0
-0.00272485340281
0.0
0.0
0.0
0.0
-0.211430972031
-0.282998644471
-0.0596666606097
-0.00231669811616
-0.00229467687438
-0.00105152640146
-0.000246679752096
0.00644718097765
0.00280657628187
-0.106944724048
-0.194679032179
-0.062195782076
-0.0534535475467
-0.0374406761017
-0.00296028078862
0.0
0.00126969816456
0.00247163503772
0.00116209021137
0.000114937503577
-0.000225314286882
-0.000141806748136
0.0
0.00269422372231
0.00221115246175
0.00218289335452
0.0
0.00298453595412
0.000197717234075
-0.000775914619235
0.00297661264079
0.00382298917986
0.00367350162653
0.00296100277293
0.00341984525031
0.0036522226335
0.00474309857091
0.0
0.00361897696892
0.00384334439376
0.00430527046409
0.00419565395977
0.0036856291992
0.00411304568982
0.00410144487291
0.00464076948922
0.00429059429947
0.0
0.00394858526309
0.00416878241847
0.00448399907226
0.00428057910938
0.00438503271756
0.0042516937983
0.00439408810716
0.00452957639883
0.00422944657843
0.00442925534834
0.00437403645216
0.00674508756221
0.0049617422622
0.0050367580427
0.00489491021429
0.00482233373907
0.00462905537375
0.00477276544516
0.00428039975379
0.0
0.0
0.00651296788107
0.00673644063613
0.00721517996828
0.00668024503904
0.00659574125857
0.0
0.00460467789689
0.00841928309422
0.00741802694148
0.0
0.00859020643147
0.0
0.00220448382462
0.00214320969542
0.00224801642727
0.00225725580594
0.0
0.0
0.00184153837511
0.00192421625743
0.00209248506954
0.00188906149555
-0.00070235486124
-0.000961852355813
-0.000146734936784
0.00107908851477
0.00142033528007
0.00138750381572
0.00191228014628
0.00201689724164
0.0
-0.00162994192702
-0.00272252234095
-0.00831555265399
-0.000505704036152
0.000766345720821
0.00107267045743
0.00186805699113
0.0019726300638
0.0
0.0
-0.0493949664494
-0.061142408056
-0.0321198750836
-0.0110672068471
-0.00386719066206
-0.000621394257926
0.000542456825449
0.00196604506941
0.0018762906765
-0.0694121488728
0.0
-0.021877451747
-0.0392288003969
-0.0368574566163
0.0
-0.00310007388255
-0.000810537427044
0.00205618971208
0.00188159017285
0.00132126570345
-0.00276850446048
0.0
0.0
-0.000498841430848
-0.000499609305311
-0.000966675041939
0.00230958265232
0.0019039960956
0.00195083335233
0.0021858652525
0.00183371916306
0.00100943329024
0.000296699576549
0.000359222474323
0.0
0.0006240392924
-4.85086996227e-05
0.000444600926883
0.00315314446938
0.00287755642085
0.00288935331335
0.00338144631268
0.00460915563179
0.00176830588844
0.0018313318431
0.000330561526117
0.0
0.00320066561405
0.00300937933076
0.00349319656027
0.0037386623022
0.00376303456741
0.0036891695516
0.0039999225984
0.00420697969077
0.00294814436207
0.00249755140563
0.0
0.00352087956083
0.00412641456153
0.00413436336144
0.00422664095045
0.00411440568217
0.00423828703349
0.00413974764281
0.00453530692086
0.00337979786136
0.00360732242915
0.00403436849526
0.00466729730446
0.00488626569597
0.00464447538117
0.00472578833132
0.00432399790836
0.00453287025849
0.00454230670185
0.00367645765187
0.00358218165146
0.00516246145738
0.00655118713584
0.00666149739218
0.00715026680749
0.0058244312365
0.00563769617007
0.00508547243333
0.00422382490856
0.00859274917745
0.0107046599077
0.0119201046319
0.0086346595235
0.00901372048212
0.0
0.00251511889227
0.00242684538893
0.00255705635514
0.00300371245447
0.00362057575101
0.00488748404834
0.00259461764205
0.00249215550909
0.00223296769554
0.00232708335493
0.00241787515207
0.0030270737046
0.00613687588356
0.0145472873615
0.00184524610144
0.00180570669985
0.00158897820527
0.00186867876626
0.00188617606327
0.00200234337078
0.00205445494069
0.00246603797233
0.00208279495952
0.0020772381698
0.00189395107911
0.00171201779385
0.0014694554018
0.00119527963557
0.00102795724132
0.00171960075868
0.00175423914763
0.00209831682687
0.00201472357393
0.00209206418587
-0.0107822483485
-0.00369904006701
0.000852710141654
-0.00241758386483
-0.000823760080403
0.00166363982869
0.00169385882588
0.00194180728483
0.00212442811371
0.00210173719127
0.0
-0.0169644178062
-0.0198830310075
-0.00997027294379
-0.00638629594192
-0.00169005545413
0.00132778530068
0.00172107914128
0.00186596718075
0.00197231041333
0.00268321106568
-0.00958035682059
-0.0122385736002
-0.0106712907405
-0.00988838104489
0.00164073997819
0.00177861008623
0.00180718519023
0.00188391487647
0.00186707631778
0.00178245934201
0.00183766563006
0.0
0.00021942786072
-0.00295599651759
-0.00205498746806
-0.00088006259068
0.00167768844016
0.00188804213397
0.00189606495415
0.00195440269105
0.00201295812906
0.00184363015927
0.00181185027817
0.0020865072761
0.000619387337742
-0.000301284228212
3.05585295574e-05
0.00098451854126
0.00218738965478
0.00202695119957
0.00229744356714
0.00210811213199
0.00208607907106
0.00204625063439
0.00218126068053
0.0023345999309
0.00243848762959
0.00147853772355
0.000439154409243
0.00288878317886
0.00362392545819
0.0033629859153
0.00354486300499
0.0035323109891
0.00217359972381
0.00218679517389
0.00249329582375
0.00321094017126
0.00281224283894
0.00321151754179
0.00250923381401
0.00286489161927
0.00383248807772
0.00381899659383
0.00392076300985
0.00401462221532
0.00292462924223
0.00286353874191
0.00344095270461
0.00391252732471
0.00425362766102
0.00277512571596
0.00259769694413
0.00667473420705
0.00658481912544
0.00435747982549
0.00505476663044
0.00263164607725
0.00269568444377
0.0034323467646
0.0103272455467
0.00314658027403
0.0037641214648
0.00733302234963
0.00958881456608
0.00765201782449
0.00736534582741
0.00315158369334
0.00296761845981
0.00329052672782
0.0236819789472
0.0148126420138
0.0144770576947
0.0109522566695
0.0146830784438
0.00530166895101
0.00487906740311
0.0272113275812
0.0302705938239
-8.38036867049e-13
0.0
0.00248926702692
0.00264603216547
0.00338989691191
0.00802670588253
0.00185907414697
-8.40897762595e-13
0.00175580916813
0.00247851531468
0.00257058854303
0.00251964209199
0.00466794148101
0.0030416908586
0.00184278750379
0.00180010054142
0.00177301318209
0.00177962338575
0.00196984660293
0.00189471300635
0.00184755570851
0.00232209275207
0.0021611190576
0.00209026011105
0.00192343229771
0.00172041928934
0.00174308954317
0.00176939373943
0.00163143024182
0.00177044711224
0.0017736258932
0.00192370444204
0.00193619032331
0.00207770619773
0.0
0.00106002565011
0.00160765179539
0.00167978090736
0.00175137476914
0.00177037613234
0.00176332122455
0.00178292762452
0.00184601548822
0.0
0.00217608436434
-0.00285525867048
-0.00424791890728
0.00152605389021
0.00132407593274
0.00177688202445
0.0018053300727
0.00175147834452
0.00175006514864
0.00182973718279
0.00233692901617
0.00141886562311
-0.00527424462859
-0.00226601230274
-0.000660030098216
0.00148122105908
0.00181578051553
0.0018263556946
0.00182300579829
0.00186413895452
0.00213603662796
0.00230795776915
0.00227969267365
0.00162342023671
-0.00172388342498
-0.000366470931298
0.00101808148304
0.00181890758985
0.00184651357668
0.00186604493241
0.00187186913935
0.00202904410797
0.00209675782855
0.00217845270022
0.00225808061872
0.00215366975717
0.000494779723507
0.000925362135651
0.00120554200772
0.00193830688441
0.00201612980091
0.00202481653325
0.00202304996501
0.00205383011515
0.00220110153286
0.00232467546649
0.00377922884318
0.00234800386757
0.00153016315841
0.00156756882152
0.0018941457687
0.0021025342264
0.0
0.00218209386856
0.0023531538139
0.00234677337634
0.00216258045281
0.00231602394724
0.00352447080933
0.00263946383215
0.00252681533291
0.00173464879374
0.00240942960583
0.00246957323526
0.0
0.00289093813354
0.00270043435826
0.00241681007544
0.00240768259473
0.00439773702771
0.00392256680461
0.00403951488323
0.00271229826274
0.0027134366214
0.00320624490086
0.00356676804316
0.00304542278712
0.00272674900357
0.00269483302059
0.00264065196011
0.0108148079152
0.00416208787049
0.00333387881046
0.00315685174908
0.00407316056527
0.0041802287609
0.00301845425361
0.00300535354788
0.00289197036775
0.00298616142026
0.00315642735274
0.00352864186694
0.0
0.00511526624548
0.00437133553656
0.0
0.0031189476073
0.00364130402489
0.00409645358312
0.0
0.0
0.00604329570844
0.00675841193651
0.0
8.21682453505e-13
8.18619325023e-13
0.0
0.0
0.0
0.00184377179817
0.00187027120436
0.00177208879526
0.00221944588503
0.00219678325047
0.00194603212924
0.00262487432328
0.00238991667528
0.0017730025359
0.00177256900663
0.00175297642978
0.00177596095919
0.00193615297762
0.00194811764292
0.00182638093029
0.00209471372433
0.00222607801682
0.00221578239572
0.00161762859445
0.0016926061214
0.00173679981193
0.00176432343501
0.00180482422816
0.00180069947178
0.00181944618783
0.00187035023353
0.00193287281492
0.00201265084325
0.00121789897237
0.00127038089981
0.00159312169137
0.00175505907956
0.00180031017419
0.00177942437486
0.00181023965266
0.00181881455178
0.00187861429532
0.00229655115222
0.00205988435466
0.00146573806273
0.00131079150841
0.00168902347026
0.00178680191182
0.00181951708536
0.00180205186638
0.00175370412901
0.00178024028932
0.00181727142981
0.00201478809897
0.00194739722979
0.00148968333252
0.00175381690608
0.00170184757387
0.00182091773116
0.00185964770151
0.00182334604801
0.00181524396188
0.00179317676771
0.00185587994012
0.0021375959983
0.00227721641084
0.00174845817645
-0.000793717919294
0.0004697990158
0.00181444397271
0.00185852536218
0.00187858149655
0.00185250853347
0.00183762913242
0.00192890743641
0.00217399921493
0.00218859256864
0.0023374222051
0.000972826334522
0.00101634312126
0.00157227642754
0.00183610659695
0.00190920698802
0.0018904227206
0.00191114304448
0.00193847258366
0.00203579290675
0.00218319488422
0.00218148209658
0.00239416598369
0.00239563440151
0.00186219151233
0.00179421091724
0.00184058409189
0.00199027652044
0.00191919264859
0.00206705485872
0.00216637468196
0.00223078256834
0.0021943274009
0.00225821208824
0.00356297924672
0.00270859176828
0.00233224075211
0.00196292615398
0.00202788464741
0.00245097460279
0.00219804356773
0.00225085710826
0.0024241371163
0.00228630674799
0.00233516432562
0.00314820043841
0.00350550424709
0.00244886952405
0.00239129343576
0.00237117212211
0.0031899016159
0.00339122817382
0.00294045267542
0.0026295325819
0.00234658448778
0.00259375153992
0.00270151121581
0.0
0.00273688325784
0.00298389340495
0.00369807696233
0.00381395817261
0.0029801588695
0.00279636179703
0.00272235142073
0.0028425029824
0.00297625003694
0.0
0.00361686596685
0.00420898365607
0.00405889604432
0.00433116148224
0.00286865227547
0.00287198960883
0.0
0.0
0.0
0.00543935759931
0.0
0.0
-1.83181886234e-13
-1.82415468422e-13
0.00253168284616
0.0034721776656
0.00194779389606
0.00199906083729
0.00217903299392
0.00222712610413
0.00224553610216
0.00224370942626
0.00219217598541
0.00225220864645
0.00174620186443
0.00181337311267
0.00180923110381
0.00180554849478
0.00194347707192
0.00192889368412
0.00185365246563
0.00188581696463
0.00222682278355
0.00175897084209
0.00169241106499
0.0016988460929
0.00174884710551
0.00180071951279
0.00186804025484
0.00186068184894
0.00185712344719
0.00189722014214
0.0
0.00146243488372
0.000818968505273
0.00165299000919
0.00173619780832
0.00175445933406
0.00178122014079
0.0018023954165
0.00188543607111
0.00184063338454
0.00190375234067
0.00227593266403
0.00159877831673
0.00136606690799
0.00166130493352
0.00176786009382
0.00176086223942
0.00176338232802
0.00180725086472
0.00186067357505
0.00191341829513
0.00222153367488
0.00217268346752
0.0018435761857
0.00181508157945
0.00179174418861
0.00179862396776
0.00178487643654
0.00179685903095
0.00180542260152
0.00186836913433
0.00189682466024
0.0019615543267
0.00762413600046
0.0
0.00185877956255
0.00186342435577
0.00185400918331
0.0018618060097
0.00185557109688
0.00185580020624
0.00185236160026
0.00193220568901
0.00195796871945
0.00224831190036
0.00627306313485
-0.00834774091922
0.00182141940005
0.00184302121404
0.00185695030402
0.00191774328383
0.00188894880084
0.00197122704678
0.00207210709586
0.00209775352563
0.00205840589532
0.00213958797168
0.00641459477571
0.00391309838342
0.0018711582878
0.00185813451884
0.00189964899175
0.00196042138494
0.0019242737858
0.00213600545859
0.00218875257623
0.00216393651689
0.00217677638328
0.00225348712733
0.00249635460285
0.00490079836872
0.00269044610962
0.00217706861972
0.00201961196746
0.00201993574847
0.00224196712659
0.00233895390319
0.0022113258673
0.00220002191241
0.00224815079553
0.0026451334902
0.0
0.00251418294831
0.00232418730224
0.002210568717
0.00240719889471
0.0031419498241
0.00284081932731
0.00236719816252
0.00221685195952
0.00266608564702
0.00341160505669
0.0
0.00301868656165
0.00354534483247
0.00387568314359
0.00336746484876
0.00257880113492
0.00233707022285
0.0031468431219
0.0
0.00400691217063
0.00387248023464
0.00340291549613
0.0030797059872
0.00239881852907
0.0021205752771
0.00222478222503
0.0022230231418
0.00234523056477
0.00206019614109
0.00196351247125
0.00176271026842
0.00185191663262
0.00189962189897
0.0018316945638
0.00202695754141
0.00154426829456
0.000268395449772
-0.013304555233
0.0
0.00154069354827
0.00175712249718
0.00182019823338
0.00182246495698
0.00186941444073
0.00183620063534
0.0015600661701
-0.0149808566054
0.0
0.0013769644405
0.00167468439628
0.00176421717446
0.00177748794706
0.0017979170484
0.00183628648104
0.00178978850007
0.00184008988269
0.00183442706654
0.0
0.00165580664523
0.00169530293829
0.00177761409601
0.00178008868528
0.00178160573221
0.00178217661543
0.0018053152671
0.00188365568746
0.00192424346351
0.00219555906342
0.00203929283195
0.00176689590681
0.00186311580956
0.0018279836299
0.00181476258034
0.00180304797739
0.00180135045234
0.00186595181416
0.00194442676852
0.0020032944766
0.00206888273395
0.0
0.0
0.0019214123331
0.00186989015923
0.00188392897578
0.00187448573905
0.00185883779998
0.0018544616153
0.00189977594544
0.00194198639324
0.00197972077829
0.00197051286653
0.0
0.0
0.00187453879112
0.0018315816922
0.00184968585444
0.00188931520777
0.00187539191621
0.00198585205512
0.00211478379609
0.00204473935449
0.00204285148962
0.00208877304081
0.0
0.0
0.00204157438998
0.00189196782815
0.00186123876811
0.00194047191453
0.00196190117683
0.00214312613832
0.002195050961
0.00214531477167
0.00214298130978
0.00215477476065
0.00256644187868
0.00222524747364
0.00217406278243
0.00198337000074
0.00205336052601
0.00232192723187
0.0025744449081
0.00220086259838
0.00219605052087
0.00230120287393
0.00239289545858
0.00233982249207
0.00252157692612
0.00222254605138
0.00227739818032
0.00290020678961
0.00267437919309
0.00251407001671
0.0023643854697
0.00240920933551
0.00244949956283
0.00284967427936
0.00282581503414
0.00401390249713
0.00376054120111
0.00321473898472
0.00311672742103
0.00243708656398
0.00246129938203
0.0
0.0
0.0
0.00337050012623
0.0
0.0
0.0
0.00223282266214
0.00649204927586
0.0019302089784
0.00199742033853
0.00208288214683
0.00216943138141
0.00211332443479
0.0
0.00171147022907
0.00182661436884
0.00190509495245
0.00192343582125
0.00185541360157
0.0019611059622
0.0021083079397
-0.0166654729931
0.00191139867377
0.00183024291076
0.00181419785691
0.00180597657163
0.00175558570477
0.00175832869197
0.0017751144705
0.00184381999666
0.00194350406018
0.00219260377456
0.00186394559696
0.00181757028707
0.00177828711767
0.00175434661826
0.00177884804308
0.00179710613708
0.00189895260829
0.00188201541704
0.0
0.00190313745693
0.00188438687421
0.00185716519069
0.00183423112329
0.00178350597904
0.00182796869633
0.00185184360809
0.0019740675092
0.00199212721261
0.00225687351251
0.0
0.00194706202369
0.00189114285459
0.00191465227938
0.00190679778847
0.00186564189309
0.00197096290702
0.00196825313195
0.00201329358758
0.00208622206014
0.00201114234853
0.0
0.00188586918444
0.0018852979919
0.00196394391782
0.00191699424032
0.00193728010487
0.00210569935385
0.00214495371777
0.00208253269601
0.00210279094391
0.00207955915856
0.00194932795022
0.00188404746862
0.00210140767557
0.00201979890633
0.00224578595091
0.00233531265682
0.0022057932346
0.00227184355281
0.00217173300765
0.00213793445813
0.0024358305363
0.00237913855836
0.00232274159263
0.00228381696243
0.00256090127427
0.00266822965055
0.0024631289987
0.00264071657953
0.00250235620484
0.00250083113546
0.0
0.00263505485485
0.00288192775206
0.00257500663341
0.00287425260273
0.00300338827749
0.00282722620081
0.00287158199769
0.00262676630633
0.0
0.00327093589526
0.00299462915022
0.0
0.00332579536093
0.00319289679667
0.00306301347826
0.0
0.0
0.0
0.00455123691038
0.00222851580663
0.0
0.00183325943173
0.0023502487813
0.00252833128021
0.00200164396813
0.00186546990217
0.00232715297401
0.00182636800121
0.00176941771799
0.00181804470777
0.00327836015452
0.0
0.00193152341582
0.00181601460306
0.00179964663036
0.00177080878161
0.00178548089109
0.00185383166031
0.00352853276164
0.0151841834217
0.0
0.00202820439749
0.00191894101573
0.00186346039666
0.00183632129748
0.00184575179158
0.00189637438478
0.00218852392686
0.00194379164752
0.00200507865575
0.00196869984939
0.00196540940556
0.00189034924193
0.00187393088784
0.00206823676564
0.00201796787357
0.00205926769066
0.00207537719088
0.00219632088748
0.0
0.0021539606059
0.00211803668575
0.00198218670745
0.00189305156945
0.00214736720112
0.00217980496657
0.00222504475733
0.00247915653303
0.00336299722844
0.0
0.00220280970879
0.00236609745861
0.00238850275113
0.00241257645356
0.002557485927
0.00240555501293
0.00247444397358
0.002764546551
0.0
0.0
0.00280587790964
0.00265626944771
0.0027189350315
0.00266943672311
0.00259755435984
0.00278962056292
0.00286774778484
0.0
0.00293798756559
0.00285957872622
0.00300523830508
0.00293484860323
0.00286863721168
0.00290710999828
0.0
0.0
0.0
0.00329167205378
0.00307304862894
0.0
0.0
0.0
0.0
0.0
0.0
0.0
0.00415631597196
0.0
0.00198278093127
0.0019299152438
0.00187882735041
0.0018661349863
0.00361049658856
0.00226797053978
0.00201969141968
0.00190628267428
0.00186876881216
0.00207663108349
0.00220331909036
0.00214720441102
0.0
0.00203637270206
0.00206041843055
0.00190787618129
0.0017850803858
0.00211556541363
0.00210047236878
0.00225685721276
0.00241922733176
0.00261326879761
-0.000405488664695
-0.00660380353086
0.00161293269456
0.00259417858359
0.00259340390443
0.00268194230155
0.00249171132823
0.00125649500531
-0.0286268718825
