El valor medio de los autovalores es: 2.0103671085e-09
EL valor medio del autovector es: 
0.0
0.0
0.0
0.0
0.0
0.0
0.0
0.0
0.0
0.0
0.0
0.0
0.0
0.0
0.0
0.0
0.0
0.0
0.0
0.0
0.000934154716873
0.000708220515332
-0.00125245775371
0.0
0.0
0.0
0.000847627538761
0.000713993764831
0.0
0.0
0.00138328366448
0.00139346156389
0.000962861077515
0.00096221217913
0.000990013636319
0.00100526031816
0.000959662385226
0.00095748273818
0.000966238854986
0.000962656296714
0.0
0.0
0.000984784591321
0.00099197843399
0.000986082993306
0.00096157091798
0.000963251717058
0.000962970090866
0.000976361742585
0.0
0.0
0.0
0.0
0.0
0.0
0.0
0.00108069881926
0.0
0.0
0.0
0.0
0.0
0.0
0.0
0.0
0.0
0.0
0.0
0.0
0.0
0.0
0.0
0.0
0.0
0.0
0.0
0.0
0.0
0.000955616139849
0.000937978118172
-0.0198572537804
0.0
0.000975033094319
0.00098914003695
0.0
0.000950125756185
0.000565587745979
-0.000646625429573
-0.000688239650213
0.00105157561026
0.00104910748323
0.000968845139004
0.0009866208116
0.0
0.0012558844821
0.000941778753779
0.000705874633726
0.000934276251698
0.000952986664345
0.000959549772302
0.000983023558922
0.00110545783463
0.00106916341417
0.00132510803682
0.0
0.000846301618996
0.000707457585639
0.00096385864098
0.000952086390831
0.000951403871065
0.000956234488932
0.00214119871165
0.032830870892
0.00114197180792
0.0
0.000978719517761
0.000974855176808
0.000960861106628
0.000957522815257
0.000960727450864
0.000961765989446
0.0
0.0
0.000998873316471
0.000984054322604
0.00097783063627
0.00097401898016
0.000960463648823
0.000961665297246
0.000962717499408
0.000964550443173
0.0
0.0
0.00105536161055
0.000999056600832
0.000983614339259
0.000979503679427
0.000962611446603
0.000962846509702
0.000964532237962
0.000971327590935
0.0
0.0
0.0324064631084
0.00101418888102
0.000994023157684
0.00098346986563
0.000966427193516
0.00096581545201
0.000968941127992
0.00101397771927
0.0
0.0
0.0
0.0
0.0
0.0
0.0
-2.04366816052e-08
0.0
0.0
0.0
0.0
0.0
0.0
0.000955020306647
0.000956143120875
0.00102378130726
0.00118849912587
0.0
0.00106484605794
0.000956927061476
0.000955992271034
0.000970241897725
0.000972057506265
0.000954490123189
0.000955269967472
0.000958036803433
0.000960636114674
0.000977345922004
0.000968385207751
0.000969033909109
0.0297335661019
0.00118331237954
0.000951405540927
0.000950729074893
0.00096182224071
0.000964949533928
0.000981302861845
0.000979365888707
0.000960656038042
0.000958832854498
0.0
0.0
0.000956325521145
0.000950555838213
0.000950557295803
0.0
0.0
0.0010514371336
0.0
0.000957145267575
0.00095982345921
0.000964243796577
0.0
0.000954027123607
0.000950252991859
0.000950380575754
0.000956870053906
0.00094973776738
0.000950160253303
0.000950535403201
0.000956106792835
0.000957406096744
0.0009643081217
0.0
0.0
0.00095333334826
0.000950547152999
0.000960938248624
0.000956513331899
0.000951666258864
0.000950915498419
0.000952093927065
0.000966715091914
0.000956830057207
0.00095837698277
0.0
0.0
0.000952982621296
0.000950523356333
0.000973517617913
0.000970568513594
0.000960055189705
0.00095699210912
0.000960170793462
0.000962590037769
0.000956817158395
0.000956350413047
0.0
0.0
0.000954888398175
0.000957631940258
0.000981908098584
0.000976308284912
0.00097339066277
0.000960260408287
0.000961390788869
0.000964190878398
0.000968814952536
0.000968270728491
0.0
0.0
0.0
0.000983881660047
0.000978538349599
0.000975465022576
0.000961037716782
0.000962103954933
0.000973929710815
1.96787787175e-09
1.95480957751e-09
0.0
0.00111160334571
0.00104298357682
0.00101488992698
0.000981195564461
0.000964369135585
0.00097971124909
0.000976963015629
0.00104907491851
0.0
0.00137533435444
0.001099712562
0.00111331560691
0.0
0.0
-2.68063804448e-08
-2.45648266302e-08
-2.53368167627e-08
0.0
0.0
0.0
0.0
0.0
0.0
0.0
0.0
0.0
-2.22918060226e-10
0.0
0.0
0.00105162410029
0.000946391205129
0.00095112332289
0.000952860708754
0.00103542172329
0.00099686639142
0.000970261120365
0.0
0.0
0.000949886393259
0.000949595514732
0.000951294158861
0.000953163670031
0.0009657867181
0.000960282228584
0.000954600833161
0.000954559068694
0.0
0.0
0.000949975230389
0.000950608194905
0.000952517750821
0.000953983736113
0.000962268633753
0.000963171576958
0.000958306511641
0.000968271448628
0.0
0.000998093770944
0.000953360106705
0.000951045811812
0.000951581691691
0.000952854381013
0.000968410160592
0.000954990309259
0.00095675160649
0.000959178126727
0.0
0.0
0.000954596825743
0.000950441144099
0.000950156268389
0.000951444646679
0.0
0.00104775304449
0.000954688035155
0.000954831567844
0.000956132818515
0.000967379786266
0.00184900046799
0.000954606813374
0.000950134867806
0.000950046713403
0.000949368479532
0.000949454667212
0.000950209309969
0.000950628185092
0.000953905667881
0.000955376844783
0.000960710270044
0.0
0.00184099475068
0.000950473772302
0.000950041866419
0.000950297302121
0.000950110846471
0.000950373494702
0.000950464948118
0.000950447934871
0.000954924769093
0.000955349523202
0.000956699920648
-0.00452414427404
0.00140250653471
0.000949738903093
0.000950098101684
0.000952752048668
0.00095432695736
0.000955133556495
0.000954521592897
0.000953678907065
0.000954713402826
0.000954945042377
0.000953673077413
-0.00438528922285
0.00383349888903
0.000949685858854
0.000949993686835
0.000956266270615
0.00096458778888
0.000974146773737
0.000959586456888
0.0
0.000954700964856
0.000954220046286
0.000952638645799
0.00118118180531
0.00311485439295
0.00107764941233
0.000952653336929
0.000957171571945
0.000965337609651
0.000981437221093
0.000960683552336
0.00100611434704
0.000955062411595
0.000954418599536
0.000953544872731
0.0
0.00101795400155
0.000962139621396
0.000959689284508
0.000970436769167
0.000972210446602
0.0
0.000962338487886
0.00095708461821
0.000956810327442
0.00104794009654
0.0
0.000989744387136
0.000969614486807
0.000972909034868
0.000978009209986
0.000968575726521
0.00096349767309
0.000964776982033
0.00110445933082
0.0
0.000980695023866
0.000981489689098
0.0
0.0
0.000978609854788
0.00127711689542
0.0
0.0
0.0
-0.0108572644097
0.00140416502025
0.0
-2.28752450398e-10
0.00118212924795
0.0
0.00094659722231
0.000906382949347
0.000951352499842
0.000956845394211
0.00095908369189
0.00095340277533
0.0009563308103
0.00140651071203
0.00126091437471
0.000950001686165
0.000949950759434
0.000950138432384
0.00095283820569
0.000955869957143
0.000952254852689
0.000953185803729
0.000952941726645
0.0
0.000951087530913
0.000950450933568
0.000950187228082
0.000950062218525
0.000951091507748
0.000951591578635
0.000952000848454
0.000953352975592
0.000953066030007
0.0
0.000997024122774
0.000950141566996
0.000949967593578
0.000949938212524
0.000950748575832
0.000951051188104
0.000951147349902
0.000951093516656
0.000956485733205
0.0
0.0
0.000951826022259
0.000953694387211
0.000950171924793
0.000949600774051
0.000949643134485
0.000950348676941
0.000950630862385
0.000952242658798
0.00095546917581
0.000981358289897
0.000971034378368
0.000956304263399
0.000950593131256
0.00094996589722
0.000949468972119
0.000949586969941
0.000950183853752
0.000950311624441
0.000952609456714
0.000954851113331
0.000957409265148
0.0
0.000955319560761
0.000954189594939
0.000949906158787
0.000949893088133
0.000949555229183
0.000949565075041
0.000950295185526
0.000950228133299
0.000951468938111
0.000952200116697
0.000952383901942
-0.00522843332045
0.00513117684078
0.000950398358009
0.000949338350579
0.000950028429039
0.000950084126849
0.000951296388195
0.000950957827736
0.000950360385328
0.000951191768696
0.000951726065381
0.000953053969716
-0.00301224450951
0.00499701252486
0.00094604668437
0.000947126860891
0.000952510380066
0.000955333431549
0.000953036892516
0.000953266182927
0.000952735069506
0.000952017815108
0.000950982153593
0.000950327981693
0.000645627418965
0.00311060224803
0.00111544747497
0.000952094689826
0.000955002300359
0.000960383422382
0.000968636538045
0.000974836265241
0.000954137765046
0.000952624656281
0.000951282018966
0.000916331113815
0.00085202266723
0.000963060002018
0.000956252428106
0.000956514428869
0.000964717372588
0.000967800216154
0.000959182867786
0.000957161743957
0.000952960555878
0.000952543735636
0.000949691449825
0.0
0.00096295695833
0.00096388952346
0.000968549827446
0.00097118033802
0.000962391739043
0.000960278809145
0.000958234617655
0.000994003101261
0.00105398304708
0.0302515111833
0.000985138752079
0.000971007694346
0.00104364339786
0.000986983578857
0.000965063470189
0.000967977885283
0.00131110514664
0.0
0.0
0.00209892046921
0.00108363619529
-0.0134619835354
0.0
0.0
0.0
0.0014097368129
0.0
0.00126707775927
0.000960624130649
0.000955684793691
0.000960468338604
0.000958874982499
0.000955127497331
0.000986909084269
0.0
0.029537931743
0.000961901126503
0.000951433119348
0.000951451182223
0.000956817458852
0.000955017083587
0.000951924035412
0.000952198115979
0.000954516275959
0.0
0.000951566730691
0.000951455754741
0.000950789423993
0.000950699459538
0.000950893445933
0.000951021308803
0.000951381265377
0.000951899682214
0.000952231545767
0.00140546247944
0.000950827436733
0.000950658393121
0.000950230801896
0.000949944999231
0.000950833647339
0.000950820678878
0.000950885167767
0.000950848128094
0.000951500942369
0.000953412682771
0.0
0.000950177777457
0.00095013531882
0.000949725219184
0.000949556428163
0.000949648521663
0.000950317682137
0.000950464553568
0.000950695765513
0.000951317207299
0.000952535177739
0.0
0.000949466974321
0.000948974021638
0.00094928412295
0.000949462182681
0.000949816690782
0.000950207283342
0.000950082322122
0.000950188400545
0.000951759601975
0.000961029675237
0.0
0.000960515513832
0.000951419271466
0.000949520190371
0.000948790505726
0.000949288111814
0.000950250679367
0.000950182086758
0.000950023602267
0.00095011246455
0.000951591498613
0.000945755001506
-0.116537356937
0.0146217606529
0.000948004355817
0.000946276736282
0.000946532043408
0.000949460187558
0.00094987388962
0.000949989727873
0.000950078733393
0.000950416379947
0.000949586120969
0.000946744336715
-0.00379502970758
0.0141591399786
0.000945190122937
0.000944650504221
0.000945772518383
0.000948916410311
0.000947796240511
0.000951113942469
0.000951731096052
0.000950868754121
0.000949991426697
0.000936595617524
-3.73552668656e-06
0.0
0.000967417089925
0.000951076787618
0.000948624063565
0.000949210956669
0.00100662236255
0.000953949287488
0.000952194528275
0.000951595578077
0.000952161373056
0.00100141419657
-4.92751791577e-06
0.00103412141854
0.000959094135498
0.000951444688026
0.000960121310409
0.00097040590123
0.000975852402179
0.000955629192714
0.000952176485779
0.000954793179552
0.000962102976248
0.0
0.000965316875428
0.000992850388313
0.000970081242333
0.000980019781271
0.00096582243777
0.000961455862987
0.00095594089465
0.000963376442157
0.000986307645599
0.0
0.030488318384
0.00097377627718
0.0
0.000971188189608
0.000964167211887
0.000965426292588
0.0
0.0
0.0
0.0
0.00142307913919
0.0
0.029919910241
0.0
0.0
0.0
0.0
0.00127286609697
0.000974340223051
0.000961475001181
0.000959455449415
0.000955420123586
0.000992265121888
0.0
0.0
0.000965295462225
0.00095315010734
0.000953370757307
0.000958809280516
0.000953445227699
0.000952137216268
0.000954379029247
0.000960773720096
0.000952659291662
0.000951771855585
0.000951351368487
0.00095144523182
0.000950938801142
0.000951145749494
0.000951430596467
0.000951386358387
0.000952373590753
0.0
0.000951049513304
0.000950782986926
0.000950467736737
0.000950590957101
0.000950621255204
0.00095051563545
0.000950751683761
0.000950886780274
0.000950935800712
0.00095169455962
0.0
0.000950192823397
0.000949592727033
0.000949257486439
0.000949792434576
0.000949819109894
0.000949800413236
0.000950285831616
0.000950300384418
0.000951100211126
0.000954612401188
0.0
0.000948493183676
0.000944921509006
0.000947902014093
0.000949612558588
0.000949529090995
0.00094952873807
0.000950029386783
0.000950012484748
0.000950045913364
0.000952212922187
0.000967557977252
0.0
0.000945220693552
0.00093926120855
0.000946423687037
0.000949118406366
0.000949385424097
0.000949518620703
0.000949953659031
0.000950138420787
0.000949808431154
0.000948823242274
0.000519950991137
0.0114486283535
0.000943230308763
0.00093827917109
0.000945008002405
0.000947631296292
0.00094874054478
0.000950015029376
0.000950690946563
0.000950457469062
0.00094976375022
0.000938007466354
0.000757111544958
0.00629982811984
0.00096185316116
0.000943598922753
0.000945957981332
0.000946961329402
0.000947145560873
0.000951343035738
0.000951579287085
0.000951055183219
0.000948649821662
0.000932444163662
0.000712812455315
0.0
0.000975627664438
0.000938022203723
0.000946805939043
0.000947627921928
0.000950270179109
0.000952155540059
0.000951672940903
0.000951679412529
0.000952350398896
0.000962814890641
0.0
0.00108393341507
0.000967418509237
0.000947808262252
0.000953305986751
0.00097020143784
0.000960224266407
0.000953109673688
0.000952615117291
0.000963628754044
0.000968365136991
0.00110050132736
0.000951840533243
0.000965090123444
0.00100249071772
0.000970170023588
0.000964334358569
0.00095368824939
0.000969821601411
0.0
0.0307843525922
0.00109916027434
0.000976552823375
0.000980268130711
0.0
0.0
0.000988388319304
0.000966536089559
0.00100250023635
0.0
0.0
0.0
0.000958489225712
0.000953697046779
0.000955178152718
0.000953044498568
0.000952498185404
0.00102381568874
0.0
0.00103141041856
0.000953124203503
0.000951789892577
0.000951651008743
0.000952240071237
0.000951603734601
0.000951605571709
0.000951786473761
0.00095204330586
0.0
0.000962050161208
0.000951645750711
0.00095107150064
0.000950591523778
0.000950508779306
0.000950725962055
0.000950687640127
0.000950877656861
0.00095092755416
0.0
0.000949085625979
0.000947961598635
0.000948850675663
0.000949296032187
0.000949524266133
0.000949626650997
0.000949873523044
0.000950586564356
0.000952010500705
0.000957778743398
0.000990238619556
0.000947670558417
0.00094467535389
0.000947870878009
0.000949052290445
0.000949327888798
0.000949496472785
0.000949736036176
0.000950189069033
0.00095108555797
0.000959366235284
0.00114378979541
0.000936923956736
0.000875127080341
0.000921775673328
0.000943891207271
0.000948005545378
0.000948936938466
0.000949651704526
0.000950159206521
0.000950334980203
0.00095057161029
0.000954623720336
0.000987342561258
0.000968605297641
0.00087572041027
0.000896455386635
0.000942980106554
0.000946983932282
0.000948253900125
0.000950148538868
0.000950856626761
0.000950468173326
0.000950331789747
0.000950135226351
0.00094828139271
0.000999833499325
-0.00328432491412
0.000802875081996
0.000935414479936
0.000946286405049
0.000947751995822
0.000951615555429
0.000951611834267
0.000950728430683
0.000950558566848
0.000955542780514
0.000962991119749
-0.0218875703471
0.000874643208969
0.000934876760331
0.000946159712816
0.00094933362095
0.000952436541452
0.000951864923062
0.00095162484067
0.000955653301951
0.000968860798607
-0.0199625881833
0.000281068010433
0.000944695620379
0.000948229798005
0.000958109012504
0.000966062047256
0.000955626096038
0.000954758444092
0.000981047334242
0.000996544212417
0.000354908161912
0.000940401025991
0.000966024957792
0.000967391249491
0.00100303532893
0.000979618535662
0.000977909774648
0.000993241261079
0.0
0.0
0.0
0.0308010763302
0.0
0.0
0.0
0.0
0.0
0.0
0.000981126092346
0.000952926625969
0.000953084888769
0.000988025836976
0.0
0.00108441502532
0.000952850529912
0.000951467305672
0.000951942246555
0.000951771146387
0.000952375415682
0.00101695274013
-0.00316397921912
0.00141137751267
0.000953338363629
0.000951417097858
0.000950495561104
0.000950718310904
0.000950688194583
0.000950799316863
0.000950427957959
-0.000103067159725
0.000955962732663
0.000949174337435
0.00094976731238
0.000948933506179
0.000949645745054
0.000949766285524
0.000949904441074
0.000950563325555
0.000950561710453
0.0
0.000943961109512
0.00094684541834
0.000947077868443
0.000948598069894
0.000949269212884
0.000949611939057
0.000949743427679
0.000950680478053
0.000951485618319
0.000959836807826
0.000981404566987
0.000629399324447
0.000927961800422
0.00094227469952
0.00094700014878
0.000946885954212
0.000950820595141
0.000950577692773
0.000950616832062
0.000951575165772
0.00101469658187
0.00105067014096
-0.000154196939394
0.000857457269109
0.000940781568967
0.000945944328851
0.000947830143083
0.000951962295055
0.000951341023295
0.000951295172851
0.000951523196973
0.00096066251768
-0.0321324737791
0.000861200007321
0.000923485928535
0.000944187499242
0.000947449770698
0.000952719965836
0.000951953508766
0.000952217071935
0.000951899177738
0.00111389366803
-0.986720297525
0.000887530724186
0.000912652190299
0.000945487343565
0.000947629833567
0.000953496241764
0.0009536275026
0.000956091069011
0.000979306665527
0.000990715894265
0.0
0.000539547371188
0.000934517282816
0.000947268265418
0.00095167803555
0.000956493608436
0.000956581176095
0.00096213928058
0.00101608803006
0.000796354292686
0.0
0.0
0.0
0.0
0.001027757214
0.000999391304044
0.0
0.0
0.0
0.0
0.00110405272849
0.000968828536581
0.000952536991321
0.0
0.0
0.0011747430437
0.000956479291703
0.000950377490221
0.000950289121091
0.000950781173237
0.000951757898469
0.000953547706104
0.0
0.00104302706638
0.000956776572198
0.000948914505062
0.000948913904296
0.000949734662572
0.000950315506869
0.000950617609835
0.0
0.00186364434651
0.000962167274183
0.000948856153722
0.000948408841087
0.000948545863649
0.000949865174765
0.000950316195172
0.000951288966437
0.000976092151231
0.0010037835759
0.00092908401043
0.000945160772595
0.000947139723611
0.000947104316076
0.0009510147436
0.00095085877617
0.000950807888625
0.000963050237857
0.00133840046897
0.0
0.000901458253506
0.000942916113328
0.000944439697154
0.000947773298779
0.000951988411793
0.000951797503454
0.000954021856792
0.000961884956722
0.0
0.0
0.00089901112853
0.00093649102394
0.000944459630819
0.000946531534122
0.000955565091284
0.0009530898336
0.000954956564399
0.000987274082548
0.0
0.0
0.000922388210849
0.000946347079765
0.000950878021194
0.000958342077928
0.000956449707911
0.000965848677015
0.00118416887121
0.0
0.0
0.0
0.0
-1.8130804468e-08
-3.42869688422e-09
0.00130583953271
0.00141319837893
0.0
0.0
-1.71880750606e-08
-3.02756756359e-09
0.0
0.0
0.0
0.0
0.00104085900643
0.000949453811097
0.000955461152859
0.000950632961306
0.0
0.00103552993343
0.000947042565522
0.000947909100929
0.000950032144809
0.000951074822574
0.0
0.00100176265583
0.000947095509306
0.000947088464944
0.000951062263914
0.000950927906621
0.0
0.0
0.000942165252203
0.000945612301973
0.000947038289233
0.000952388304242
0.000951952360446
0.00140810489456
0.0
0.000948729872295
0.000961235844287
0.000959264392091
0.000959703853922
0.0
0.0
0.0
0.0
0.0
0.00102744891592
0.0
