Grafo numero0
[  1.23811976e+10   7.78213212e+09   4.73263780e+09   4.45304454e+09
   4.06222055e+09   2.54524685e+09   2.29553170e+09   2.16229260e+09
   1.51749384e+09   1.21938283e+09   1.13396856e+09   6.44801358e+08
   5.70975439e+08   5.19720124e+08   4.52253624e+08   3.15907281e+08
   2.94145442e+08   2.25553016e+08   1.35605537e+08   1.18512527e+08
   9.27607843e+07   7.33707059e+07   7.09945096e+07   6.09950795e+07
   4.71263309e+07   4.35319918e+07   3.13930947e+07   2.94374018e+07
   2.57980966e+07   2.29498873e+07]
Grafo numero1
[  2.69225629e+10   1.89395897e+10   1.15531431e+10   6.57763856e+09
   4.65939063e+09   4.45184055e+09   3.60290367e+09   2.63268231e+09
   2.25061286e+09   1.79765900e+09   1.67691305e+09   1.27323602e+09
   1.05738022e+09   9.59648156e+08   7.28464726e+08   6.75149621e+08
   5.60805835e+08   4.42581592e+08   4.00160995e+08   3.35491915e+08
   2.10596442e+08   1.98343805e+08   1.59385180e+08   1.36883013e+08
   1.26210896e+08   1.10696625e+08   1.02564992e+08   8.85216990e+07
   7.33753209e+07   6.63799769e+07]
Grafo numero2
[  2.10972270e+10   1.60619506e+10   9.46413290e+09   6.98727579e+09
   4.73941385e+09   3.24769603e+09   2.75241621e+09   2.35776843e+09
   2.23834888e+09   2.04884054e+09   1.04721970e+09   7.70207746e+08
   7.37340845e+08   5.60818715e+08   4.84584515e+08   4.10719176e+08
   3.36278069e+08   2.57046491e+08   1.75853100e+08   1.64364782e+08
   1.55019729e+08   1.39251885e+08   1.11340692e+08   9.65322923e+07
   8.76755755e+07   8.34593449e+07   7.09830884e+07   6.94990778e+07
   6.10900471e+07   5.37326709e+07]
Grafo numero3
[  1.41043210e+10   8.35049711e+09   3.49161124e+09   2.96306531e+09
   2.35281855e+09   1.92085396e+09   1.85364600e+09   1.50290597e+09
   1.14491162e+09   9.11826282e+08   8.46701170e+08   6.58174085e+08
   6.18633469e+08   3.73564687e+08   3.49375685e+08   3.01191027e+08
   2.06717249e+08   1.71698567e+08   9.56594078e+07   7.47553532e+07
   6.70312377e+07   5.02740748e+07   4.49308561e+07   3.02997828e+07
   2.39139143e+07   2.29090528e+07   1.77897663e+07   1.46929749e+07
   1.37234563e+07   1.22304993e+07]
Grafo numero4
[  1.72473002e+10   1.13119179e+10   6.44895356e+09   3.75731519e+09
   3.47146367e+09   2.64789972e+09   2.10160145e+09   1.96616936e+09
   1.54546070e+09   1.31726864e+09   1.16241361e+09   1.10684198e+09
   6.11257611e+08   5.93345411e+08   4.13548518e+08   3.55320194e+08
   3.18218174e+08   2.70571634e+08   2.29092968e+08   1.34734634e+08
   1.27824361e+08   1.10324053e+08   8.11081804e+07   6.68186771e+07
   5.80755882e+07   5.18515368e+07   5.04230604e+07   4.28413486e+07
   3.78452910e+07   3.25359781e+07]
Grafo numero5
[  1.34449475e+10   8.31943091e+09   3.14109152e+09   2.66171961e+09
   2.30178421e+09   1.92853854e+09   1.85729245e+09   1.46585531e+09
   1.12204683e+09   8.76468445e+08   8.09089428e+08   6.95319014e+08
   6.66968287e+08   6.16731943e+08   4.63572922e+08   3.52374913e+08
   2.89070797e+08   2.64534851e+08   2.62181911e+08   2.32714993e+08
   1.30999380e+08   1.04285958e+08   7.73467678e+07   6.12452466e+07
   5.12351305e+07   4.77074232e+07   3.26110197e+07   2.77857206e+07
   2.67443447e+07   2.03521010e+07]
Grafo numero6
[  2.07148402e+10   1.61825100e+10   8.50665240e+09   6.69783441e+09
   4.98803060e+09   3.37953066e+09   2.44197752e+09   2.16542764e+09
   2.03825252e+09   1.50598433e+09   1.31688796e+09   9.28703685e+08
   6.93080535e+08   6.61665649e+08   5.30588686e+08   3.82235343e+08
   3.53775214e+08   2.53299067e+08   2.35104209e+08   2.11941396e+08
   2.06762315e+08   1.57748693e+08   1.49113095e+08   1.42832440e+08
   1.33051889e+08   1.28066799e+08   1.15831592e+08   7.61849162e+07
   4.75426614e+07   4.61336270e+07]
Grafo numero7
[  1.72762936e+10   1.28261814e+10   5.29610209e+09   2.98625966e+09
   2.75418025e+09   2.48325184e+09   2.40549235e+09   1.80341909e+09
   1.41006934e+09   1.28223773e+09   1.04893362e+09   9.04419347e+08
   5.97774612e+08   5.36300183e+08   4.65410703e+08   2.97988538e+08
   2.64256307e+08   2.12500084e+08   1.81461240e+08   1.43573322e+08
   1.18975205e+08   1.01214507e+08   9.29368168e+07   7.62677261e+07
   5.70205389e+07   4.34562311e+07   3.35462545e+07   3.11470496e+07
   2.74133533e+07   2.30447615e+07]
Grafo numero8
[  1.57194832e+10   1.06677093e+10   5.39908667e+09   4.62874869e+09
   3.27127987e+09   2.72355012e+09   2.25078267e+09   1.95269662e+09
   1.48818943e+09   1.44742035e+09   9.65891233e+08   5.91211607e+08
   5.54584142e+08   4.39443980e+08   3.54264053e+08   2.08636400e+08
   1.81010107e+08   1.61443724e+08   1.42337788e+08   1.31200435e+08
   1.20150885e+08   1.09862542e+08   1.01760594e+08   8.66930363e+07
   7.91198053e+07   7.22532804e+07   6.42825240e+07   4.40119690e+07
   3.39823618e+07   2.86888654e+07]
Grafo numero9
[  1.48682174e+10   1.25775889e+10   5.50972795e+09   3.60536937e+09
   2.98950158e+09   2.64486536e+09   2.03269086e+09   1.88710616e+09
   1.53265041e+09   1.15793967e+09   8.69405825e+08   6.88973973e+08
   6.22152772e+08   5.73562262e+08   4.34314064e+08   3.73410124e+08
   2.85620258e+08   2.34039126e+08   1.32184478e+08   1.16849861e+08
   1.01289582e+08   9.84347541e+07   8.81102622e+07   8.00117475e+07
   6.21710728e+07   5.35687381e+07   4.64789757e+07   3.65840661e+07
   3.46446664e+07   2.41221466e+07]
Grafo numero10
[  1.21700670e+10   8.63651503e+09   4.37750099e+09   3.56498650e+09
   2.59727803e+09   2.20557924e+09   2.04026276e+09   1.99242487e+09
   1.22036844e+09   1.10891320e+09   1.00335193e+09   8.44637949e+08
   7.10669432e+08   6.77825103e+08   4.08378419e+08   3.04241827e+08
   2.96921268e+08   1.92487150e+08   1.91996669e+08   1.63775934e+08
   1.09179721e+08   1.03795917e+08   9.78517832e+07   9.07839128e+07
   7.68492801e+07   7.17972125e+07   5.22579977e+07   4.64181545e+07
   4.54586619e+07   4.32282682e+07]
Grafo numero11
[  1.01273627e+10   7.23669258e+09   2.51407251e+09   2.29946806e+09
   1.85594937e+09   1.63794956e+09   1.43970847e+09   1.15776395e+09
   9.45363184e+08   6.27339199e+08   5.12084867e+08   3.73495673e+08
   3.21585643e+08   2.88322821e+08   2.62426132e+08   2.18219270e+08
   1.61834900e+08   1.42353541e+08   1.13001063e+08   7.48465481e+07
   5.69394804e+07   4.74560445e+07   4.04010070e+07   3.12683868e+07
   2.68648062e+07   1.75154182e+07   1.32014178e+07   1.27055210e+07
   1.17662255e+07   1.03558063e+07]
Grafo numero12
[  2.58177181e+10   1.97600768e+10   1.38924353e+10   6.68877734e+09
   5.89794108e+09   2.89638361e+09   2.50397341e+09   2.23582111e+09
   1.97088928e+09   1.42982508e+09   1.38572119e+09   1.06711015e+09
   7.53474964e+08   6.12388144e+08   5.54580419e+08   3.83934335e+08
   2.44217564e+08   1.58568252e+08   1.54014102e+08   1.46963677e+08
   1.35118666e+08   1.04918189e+08   9.68904924e+07   9.35242911e+07
   7.63074184e+07   6.97209299e+07   6.48603851e+07   6.29333541e+07
   5.92922788e+07   5.22730497e+07]
Grafo numero13
[  1.11217924e+10   9.26574409e+09   5.42504624e+09   4.11519064e+09
   3.04422626e+09   1.96956439e+09   1.37815726e+09   1.17556100e+09
   8.70898196e+08   6.21191145e+08   5.91220090e+08   4.42360484e+08
   3.29138240e+08   2.94976452e+08   2.67673684e+08   1.80358690e+08
   1.23703473e+08   1.09275091e+08   1.03814573e+08   7.76972810e+07
   6.66715741e+07   5.98503588e+07   5.91384055e+07   4.95729056e+07
   3.76914081e+07   3.65737486e+07   3.51397388e+07   2.47164945e+07
   2.35157627e+07   2.21741299e+07]
Grafo numero14
[  2.16719548e+10   1.70515985e+10   7.59205312e+09   4.95710431e+09
   3.92304671e+09   3.47898660e+09   2.88056456e+09   2.70629562e+09
   1.74471407e+09   1.49704447e+09   1.16615865e+09   9.53101182e+08
   6.95663211e+08   5.04487501e+08   3.10434529e+08   2.78931019e+08
   2.42737436e+08   2.36903692e+08   1.98245911e+08   1.45689135e+08
   1.31018132e+08   1.06267429e+08   1.04917876e+08   8.07711234e+07
   7.61110734e+07   7.07419466e+07   6.14493854e+07   4.95139379e+07
   4.56870659e+07   4.29474775e+07]
