Grafo numero0
[  2.13601122e+10   9.29559826e+09   8.22459000e+09   6.96408633e+09
   6.41058261e+09   5.93340642e+09   5.72591841e+09   5.46643153e+09
   4.61644783e+09   4.33938283e+09   3.74946742e+09   3.63215000e+09
   3.53019895e+09   3.43928720e+09   3.33185159e+09   3.22715783e+09
   3.19934328e+09   3.12908706e+09   2.94246474e+09   2.80641709e+09
   2.59752186e+09   2.46625870e+09   2.37521685e+09   2.29708848e+09
   2.27297357e+09   2.17112794e+09   2.11829131e+09   2.09031011e+09
   2.01021482e+09   1.89902961e+09]
Grafo numero1
[  3.33641635e+10   2.24083377e+10   1.96751452e+10   1.48269317e+10
   1.33767263e+10   9.95333108e+09   7.78792869e+09   6.33694121e+09
   6.01856776e+09   5.74174078e+09   5.55696047e+09   5.32832052e+09
   5.22847590e+09   4.68794684e+09   4.43819270e+09   3.92360123e+09
   3.72623923e+09   3.46520290e+09   3.35436417e+09   3.28495664e+09
   3.02603288e+09   2.98971228e+09   2.92509537e+09   2.76304247e+09
   2.62728174e+09   2.19686096e+09   2.08295555e+09   2.05485271e+09
   1.93963342e+09   1.92599161e+09]
Grafo numero2
[  3.31669639e+10   2.89586523e+10   2.39126643e+10   1.91364686e+10
   1.65973158e+10   1.53750520e+10   1.23842301e+10   1.00968009e+10
   8.36793086e+09   8.19876587e+09   6.42155826e+09   6.21650071e+09
   5.99937996e+09   5.82353530e+09   5.61604639e+09   5.20278714e+09
   4.82454889e+09   4.44872153e+09   4.35607514e+09   4.04082510e+09
   3.99796446e+09   3.91669207e+09   3.47690986e+09   3.39837700e+09
   3.08459669e+09   2.95014914e+09   2.85292542e+09   2.74234291e+09
   2.58820589e+09   2.53679294e+09]
Grafo numero3
[  1.37585111e+10+0.j   7.85699410e+09+0.j   6.69470721e+09+0.j
   6.40557266e+09+0.j   6.38507366e+09+0.j   5.03011496e+09+0.j
   4.66458585e+09+0.j   4.40620486e+09+0.j   4.24931576e+09+0.j
   4.03418791e+09+0.j   3.78164604e+09+0.j   3.66977973e+09+0.j
   3.61517034e+09+0.j   3.56837753e+09+0.j   3.24603262e+09+0.j
   3.17806240e+09+0.j   3.09558780e+09+0.j   2.94565761e+09+0.j
   2.84919734e+09+0.j   2.64042548e+09+0.j   2.50421534e+09+0.j
   2.45582894e+09+0.j   2.38461115e+09+0.j   2.24283865e+09+0.j
   2.06291854e+09+0.j   2.02586052e+09+0.j   1.99647423e+09+0.j
   1.82671854e+09+0.j   1.71133913e+09+0.j   1.63001880e+09+0.j]
Grafo numero4
[  2.05402022e+10   1.02307062e+10   9.27005910e+09   7.48869048e+09
   6.44654217e+09   5.43029713e+09   5.31762974e+09   5.30397900e+09
   4.78277112e+09   4.67450020e+09   4.33087678e+09   3.80077557e+09
   3.71253142e+09   3.55272727e+09   3.38315087e+09   3.03961488e+09
   3.02322563e+09   2.77795865e+09   2.56082627e+09   2.38313168e+09
   2.29694297e+09   2.23875848e+09   2.09088321e+09   1.99572445e+09
   1.92795975e+09   1.88921876e+09   1.87003268e+09   1.80362929e+09
   1.68425660e+09   1.64179281e+09]
Grafo numero5
[  1.33468429e+10   7.34881742e+09   6.97355384e+09   6.64612041e+09
   6.58842653e+09   5.92240011e+09   5.86669629e+09   5.51618557e+09
   5.38334613e+09   4.66827252e+09   4.28237387e+09   3.66992637e+09
   3.61673227e+09   3.49330864e+09   3.25294569e+09   2.73417408e+09
   2.57805453e+09   2.56011382e+09   2.46787520e+09   2.38283099e+09
   2.32485413e+09   2.23267103e+09   2.11988571e+09   1.92250101e+09
   1.88194767e+09   1.81579573e+09   1.73285351e+09   1.62335496e+09
   1.59259710e+09   1.40440927e+09]
Grafo numero6
[  2.06725743e+10   1.63629357e+10   1.46197533e+10   1.27519248e+10
   9.70768574e+09   8.54009141e+09   7.21697945e+09   6.93591947e+09
   5.62945235e+09   5.47379871e+09   5.31057000e+09   4.81265669e+09
   4.75015990e+09   4.41188830e+09   4.01263067e+09   3.72322531e+09
   3.70367864e+09   3.61955809e+09   3.55012688e+09   3.49415047e+09
   3.25407338e+09   3.25257591e+09   2.96369991e+09   2.94089014e+09
   2.86418446e+09   2.74907824e+09   2.60646514e+09   2.51848353e+09
   2.39835093e+09   2.26302044e+09]
Grafo numero7
[  2.80718527e+10   1.93604226e+10   1.43688361e+10   1.30596392e+10
   1.17843655e+10   1.01479862e+10   9.35500817e+09   7.69448981e+09
   7.01551570e+09   5.74835277e+09   5.08277872e+09   4.83676023e+09
   4.20081254e+09   4.15741354e+09   4.13015754e+09   3.50349591e+09
   3.31798758e+09   3.10197157e+09   2.98937761e+09   2.98533923e+09
   2.87578196e+09   2.86985531e+09   2.73795524e+09   2.70706958e+09
   2.64195185e+09   2.56002549e+09   2.50573814e+09   2.48444018e+09
   2.24733308e+09   2.11158430e+09]
Grafo numero8
[  1.84575272e+10   1.64324478e+10   1.01393283e+10   9.63212941e+09
   8.78415838e+09   7.56109874e+09   7.49832423e+09   6.58851874e+09
   5.68199094e+09   5.42013442e+09   4.85233184e+09   4.28669078e+09
   3.99835283e+09   3.85508573e+09   3.44179728e+09   3.22286993e+09
   3.04693240e+09   2.95817145e+09   2.94856315e+09   2.55146081e+09
   2.54690359e+09   2.48081640e+09   2.30955322e+09   2.23074750e+09
   1.91757443e+09   1.83397626e+09   1.77928248e+09   1.77148990e+09
   1.67369169e+09   1.58761165e+09]
Grafo numero9
[  2.39320830e+10   1.38791281e+10   1.38183971e+10   1.12721751e+10
   1.02852546e+10   6.98116759e+09   6.17904588e+09   5.56764552e+09
   5.18304298e+09   4.87600550e+09   4.43532869e+09   4.10046464e+09
   4.00572993e+09   3.87569273e+09   3.80965324e+09   3.19171164e+09
   3.09936621e+09   2.91439108e+09   2.88294914e+09   2.67791138e+09
   2.60122621e+09   2.47079326e+09   2.37978009e+09   2.34677874e+09
   2.13516104e+09   2.01867277e+09   1.93262961e+09   1.87127272e+09
   1.84258843e+09   1.78696927e+09]
Grafo numero10
[  7.09188774e+09   6.58162540e+09   6.15728493e+09   4.21373637e+09
   4.12211328e+09   3.81401648e+09   3.51766986e+09   3.43497233e+09
   2.92145594e+09   2.81387593e+09   2.50628420e+09   2.32325983e+09
   2.14612865e+09   2.03190264e+09   1.96416330e+09   1.93707460e+09
   1.78235098e+09   1.72602265e+09   1.68325644e+09   1.59046966e+09
   1.57691238e+09   1.55069980e+09   1.50022733e+09   1.46542113e+09
   1.42876711e+09   1.39487782e+09   1.36561447e+09   1.34113018e+09
   1.33832326e+09   1.27332993e+09]
Grafo numero11
[  7.34388671e+09   7.02443356e+09   5.34471360e+09   4.43074652e+09
   3.84946383e+09   3.73834716e+09   3.54082459e+09   2.85120188e+09
   2.75974621e+09   2.15718075e+09   2.00534259e+09   1.93829128e+09
   1.72591831e+09   1.63960393e+09   1.43316337e+09   1.38929084e+09
   1.30130223e+09   1.27599853e+09   1.24937013e+09   1.22560253e+09
   1.17454156e+09   1.12041859e+09   1.11371839e+09   1.01921929e+09
   9.71128347e+08   9.44538132e+08   9.17274590e+08   8.77052130e+08
   8.47265376e+08   8.31145021e+08]
Grafo numero12
[  2.35577316e+10   1.41418918e+10   1.32950854e+10   1.29040430e+10
   1.13359599e+10   1.00449653e+10   9.71431208e+09   7.88947229e+09
   7.02778679e+09   6.58071589e+09   5.08473102e+09   5.01514864e+09
   4.61205678e+09   4.53556894e+09   4.36730162e+09   4.14583452e+09
   3.98245530e+09   3.72796383e+09   3.48756494e+09   3.35550135e+09
   3.23777445e+09   2.93869894e+09   2.89852197e+09   2.60455199e+09
   2.54336915e+09   2.49770965e+09   2.44364670e+09   2.34730489e+09
   2.25332226e+09   2.15920872e+09]
Grafo numero13
[  1.42928634e+10   1.09184098e+10   7.29047813e+09   6.41798953e+09
   5.83156416e+09   5.21939111e+09   4.92657737e+09   4.75602223e+09
   4.47573725e+09   4.06444895e+09   4.01539589e+09   3.91551302e+09
   3.52707073e+09   2.95211692e+09   2.70504101e+09   2.50840219e+09
   2.45961496e+09   2.35638003e+09   2.20624835e+09   2.11262842e+09
   1.94599787e+09   1.79435896e+09   1.62942976e+09   1.57675455e+09
   1.55215654e+09   1.42304805e+09   1.38789663e+09   1.31279893e+09
   1.28405984e+09   1.21966194e+09]
Grafo numero14
[  3.04226606e+10   2.68442456e+10   2.04827651e+10   1.91746257e+10
   1.43531732e+10   1.22078887e+10   1.07540115e+10   1.02215575e+10
   8.18586428e+09   6.90185356e+09   5.98747057e+09   5.55424517e+09
   5.02848122e+09   4.87110735e+09   4.78240486e+09   4.61143857e+09
   4.03969760e+09   3.96582742e+09   3.84529667e+09   3.44842144e+09
   3.21285361e+09   2.96839248e+09   2.89866875e+09   2.74154037e+09
   2.68284432e+09   2.62748826e+09   2.35783545e+09   2.28592199e+09
   2.22953464e+09   2.17489889e+09]
