Grafo numero0
[ -5.52556258e-13   0.00000000e+00   0.00000000e+00   0.00000000e+00
   0.00000000e+00   0.00000000e+00   0.00000000e+00   0.00000000e+00
   0.00000000e+00   0.00000000e+00   0.00000000e+00   0.00000000e+00
   0.00000000e+00   0.00000000e+00   0.00000000e+00   0.00000000e+00
   0.00000000e+00   0.00000000e+00   0.00000000e+00   0.00000000e+00
   0.00000000e+00   0.00000000e+00   0.00000000e+00   0.00000000e+00
   0.00000000e+00   0.00000000e+00   0.00000000e+00   0.00000000e+00
   0.00000000e+00   0.00000000e+00   0.00000000e+00   0.00000000e+00
   0.00000000e+00   0.00000000e+00   0.00000000e+00   0.00000000e+00
   0.00000000e+00   0.00000000e+00   0.00000000e+00   0.00000000e+00
   0.00000000e+00   0.00000000e+00   0.00000000e+00   0.00000000e+00
   0.00000000e+00   0.00000000e+00   0.00000000e+00   0.00000000e+00
   0.00000000e+00   0.00000000e+00   0.00000000e+00   0.00000000e+00
   0.00000000e+00   0.00000000e+00   0.00000000e+00   0.00000000e+00
   0.00000000e+00   0.00000000e+00   0.00000000e+00   0.00000000e+00
   0.00000000e+00   0.00000000e+00   0.00000000e+00   0.00000000e+00
   0.00000000e+00   0.00000000e+00   0.00000000e+00   0.00000000e+00
   0.00000000e+00   0.00000000e+00   0.00000000e+00   0.00000000e+00
   0.00000000e+00   0.00000000e+00   0.00000000e+00   0.00000000e+00
   0.00000000e+00   0.00000000e+00   0.00000000e+00   0.00000000e+00
   0.00000000e+00   0.00000000e+00   0.00000000e+00   0.00000000e+00
   0.00000000e+00   0.00000000e+00   0.00000000e+00   0.00000000e+00
   0.00000000e+00   0.00000000e+00   0.00000000e+00   0.00000000e+00
   0.00000000e+00   0.00000000e+00   0.00000000e+00   0.00000000e+00
   0.00000000e+00   0.00000000e+00   0.00000000e+00   0.00000000e+00]
Grafo numero1
[ -6.76018350e-08  -2.82068687e-12   0.00000000e+00   0.00000000e+00
   0.00000000e+00   0.00000000e+00   0.00000000e+00   0.00000000e+00
   0.00000000e+00   0.00000000e+00   0.00000000e+00   0.00000000e+00
   0.00000000e+00   0.00000000e+00   0.00000000e+00   0.00000000e+00
   0.00000000e+00   0.00000000e+00   0.00000000e+00   0.00000000e+00
   0.00000000e+00   0.00000000e+00   0.00000000e+00   0.00000000e+00
   0.00000000e+00   0.00000000e+00   0.00000000e+00   0.00000000e+00
   0.00000000e+00   0.00000000e+00   0.00000000e+00   0.00000000e+00
   0.00000000e+00   0.00000000e+00   0.00000000e+00   0.00000000e+00
   0.00000000e+00   0.00000000e+00   0.00000000e+00   0.00000000e+00
   0.00000000e+00   0.00000000e+00   0.00000000e+00   0.00000000e+00
   0.00000000e+00   0.00000000e+00   0.00000000e+00   0.00000000e+00
   0.00000000e+00   0.00000000e+00   0.00000000e+00   0.00000000e+00
   0.00000000e+00   3.69776543e-01   4.93990740e-01   4.96513618e-01
   4.98771993e-01   4.99684695e-01   5.07023963e-01   6.90096186e-01
   2.00000000e+00   4.49536018e+00   7.76051409e+00   7.83115847e+00
   7.86592754e+00   7.93986095e+00   8.04960131e+00   9.36726718e+00
   1.06090413e+01   1.76539502e+01   1.77295167e+01   1.78164946e+01
   1.79385215e+01   1.82117160e+01   2.33073084e+01   2.40015760e+01
   2.43491199e+01   3.15787516e+01   3.19556648e+01   3.89914145e+01
   4.96063514e+01   5.62214117e+01   5.77077419e+01   5.94232625e+01
   6.00209430e+01   6.05106254e+01   6.20848983e+01   6.87997894e+01
   7.11515376e+01   7.87691125e+01   8.18863151e+01   1.13068614e+02
   1.26158949e+02   1.27712813e+02   1.29586291e+02   1.32727729e+02
   1.44620867e+02   1.86920246e+02   1.99877936e+02   2.10978828e+02]
Grafo numero2
[ -4.32109275e-09  -5.56446171e-11   0.00000000e+00   0.00000000e+00
   0.00000000e+00   0.00000000e+00   0.00000000e+00   0.00000000e+00
   0.00000000e+00   0.00000000e+00   0.00000000e+00   0.00000000e+00
   0.00000000e+00   0.00000000e+00   0.00000000e+00   0.00000000e+00
   0.00000000e+00   0.00000000e+00   0.00000000e+00   0.00000000e+00
   0.00000000e+00   0.00000000e+00   0.00000000e+00   0.00000000e+00
   0.00000000e+00   0.00000000e+00   0.00000000e+00   0.00000000e+00
   0.00000000e+00   0.00000000e+00   0.00000000e+00   0.00000000e+00
   0.00000000e+00   0.00000000e+00   0.00000000e+00   0.00000000e+00
   0.00000000e+00   0.00000000e+00   0.00000000e+00   0.00000000e+00
   0.00000000e+00   0.00000000e+00   0.00000000e+00   0.00000000e+00
   0.00000000e+00   0.00000000e+00   0.00000000e+00   0.00000000e+00
   0.00000000e+00   0.00000000e+00   0.00000000e+00   0.00000000e+00
   0.00000000e+00   0.00000000e+00   0.00000000e+00   0.00000000e+00
   0.00000000e+00   0.00000000e+00   0.00000000e+00   0.00000000e+00
   0.00000000e+00   0.00000000e+00   0.00000000e+00   0.00000000e+00
   0.00000000e+00   0.00000000e+00   0.00000000e+00   0.00000000e+00
   0.00000000e+00   0.00000000e+00   0.00000000e+00   0.00000000e+00
   0.00000000e+00   0.00000000e+00   0.00000000e+00   0.00000000e+00
   0.00000000e+00   0.00000000e+00   0.00000000e+00   0.00000000e+00
   0.00000000e+00   0.00000000e+00   0.00000000e+00   0.00000000e+00
   2.44781966e-07   4.98177440e-01   5.02660051e-01   7.17073150e-01
   8.81188620e-01   1.42613821e+00   1.84458131e+00   1.96314183e+00
   1.99105300e+00   1.99701421e+00   1.99817861e+00   1.99840279e+00
   1.99875685e+00   2.00000000e+00   2.05303086e+00   3.91201343e+00]
Grafo numero3
[  0.00000000e+00 +0.00000000e+00j   0.00000000e+00 +0.00000000e+00j
   0.00000000e+00 +0.00000000e+00j   0.00000000e+00 +0.00000000e+00j
   0.00000000e+00 +0.00000000e+00j   0.00000000e+00 +0.00000000e+00j
   0.00000000e+00 +0.00000000e+00j   0.00000000e+00 +0.00000000e+00j
   0.00000000e+00 +0.00000000e+00j   0.00000000e+00 +0.00000000e+00j
   0.00000000e+00 +0.00000000e+00j   0.00000000e+00 +0.00000000e+00j
   0.00000000e+00 +0.00000000e+00j   0.00000000e+00 +0.00000000e+00j
   0.00000000e+00 +0.00000000e+00j   0.00000000e+00 +0.00000000e+00j
   0.00000000e+00 +0.00000000e+00j   0.00000000e+00 +0.00000000e+00j
   0.00000000e+00 +0.00000000e+00j   0.00000000e+00 +0.00000000e+00j
   0.00000000e+00 +0.00000000e+00j   0.00000000e+00 +0.00000000e+00j
   0.00000000e+00 +0.00000000e+00j   0.00000000e+00 +0.00000000e+00j
   0.00000000e+00 +0.00000000e+00j   0.00000000e+00 +0.00000000e+00j
   0.00000000e+00 +0.00000000e+00j   0.00000000e+00 +0.00000000e+00j
   0.00000000e+00 +0.00000000e+00j   0.00000000e+00 +0.00000000e+00j
   0.00000000e+00 +0.00000000e+00j   0.00000000e+00 +0.00000000e+00j
   0.00000000e+00 +0.00000000e+00j   0.00000000e+00 +0.00000000e+00j
   0.00000000e+00 +0.00000000e+00j   0.00000000e+00 +0.00000000e+00j
   0.00000000e+00 +0.00000000e+00j   0.00000000e+00 +0.00000000e+00j
   0.00000000e+00 +0.00000000e+00j   0.00000000e+00 +0.00000000e+00j
   0.00000000e+00 +0.00000000e+00j   0.00000000e+00 +0.00000000e+00j
   0.00000000e+00 +0.00000000e+00j   0.00000000e+00 +0.00000000e+00j
   0.00000000e+00 +0.00000000e+00j   0.00000000e+00 +0.00000000e+00j
   0.00000000e+00 +0.00000000e+00j   3.60630786e-08 -2.07925596e-08j
   3.60630786e-08 +2.07925596e-08j   4.04737422e-01 +0.00000000e+00j
   4.99125234e-01 +0.00000000e+00j   5.02338696e-01 +0.00000000e+00j
   5.41046778e-01 +0.00000000e+00j   7.56501249e-01 +0.00000000e+00j
   1.44680146e+00 +0.00000000e+00j   1.95832764e+00 +0.00000000e+00j
   1.97785083e+00 +0.00000000e+00j   1.98751265e+00 +0.00000000e+00j
   1.99818470e+00 +0.00000000e+00j   2.01456386e+00 +0.00000000e+00j
   2.83760750e+00 +0.00000000e+00j   3.10628156e+00 +0.00000000e+00j
   3.91217708e+00 +0.00000000e+00j   4.37895499e+00 +0.00000000e+00j
   4.48979637e+00 +0.00000000e+00j   4.52339441e+00 +0.00000000e+00j
   4.82701517e+00 +0.00000000e+00j   5.70485806e+00 +0.00000000e+00j
   7.23246409e+00 +0.00000000e+00j   7.53653846e+00 +0.00000000e+00j
   7.63057441e+00 +0.00000000e+00j   7.99059815e+00 +0.00000000e+00j
   8.08082393e+00 +0.00000000e+00j   9.02692089e+00 +0.00000000e+00j
   1.09924762e+01 +0.00000000e+00j   1.24644329e+01 +0.00000000e+00j
   1.48967942e+01 +0.00000000e+00j   1.49520180e+01 +0.00000000e+00j
   1.66748731e+01 +0.00000000e+00j   1.80229455e+01 +0.00000000e+00j
   2.43868661e+01 +0.00000000e+00j   2.51382142e+01 +0.00000000e+00j
   2.80983277e+01 +0.00000000e+00j   3.11440298e+01 +0.00000000e+00j
   3.56262842e+01 +0.00000000e+00j   4.42220954e+01 +0.00000000e+00j
   4.77104294e+01 +0.00000000e+00j   4.91608918e+01 +0.00000000e+00j
   5.52583073e+01 +0.00000000e+00j   5.98164490e+01 +0.00000000e+00j
   6.02535757e+01 +0.00000000e+00j   6.06305818e+01 +0.00000000e+00j
   6.27204229e+01 +0.00000000e+00j   7.11090147e+01 +0.00000000e+00j
   8.23704264e+01 +0.00000000e+00j   8.57283605e+01 +0.00000000e+00j
   8.88125691e+01 +0.00000000e+00j   9.64050708e+01 +0.00000000e+00j
   1.16078467e+02 +0.00000000e+00j   1.41780260e+02 +0.00000000e+00j]
Grafo numero4
[ -5.78614353e-08   0.00000000e+00   0.00000000e+00   0.00000000e+00
   0.00000000e+00   0.00000000e+00   0.00000000e+00   0.00000000e+00
   0.00000000e+00   0.00000000e+00   0.00000000e+00   0.00000000e+00
   0.00000000e+00   0.00000000e+00   0.00000000e+00   0.00000000e+00
   0.00000000e+00   0.00000000e+00   0.00000000e+00   0.00000000e+00
   0.00000000e+00   0.00000000e+00   0.00000000e+00   0.00000000e+00
   0.00000000e+00   0.00000000e+00   0.00000000e+00   0.00000000e+00
   0.00000000e+00   0.00000000e+00   0.00000000e+00   0.00000000e+00
   0.00000000e+00   0.00000000e+00   0.00000000e+00   0.00000000e+00
   0.00000000e+00   0.00000000e+00   0.00000000e+00   0.00000000e+00
   0.00000000e+00   0.00000000e+00   0.00000000e+00   0.00000000e+00
   0.00000000e+00   0.00000000e+00   0.00000000e+00   0.00000000e+00
   0.00000000e+00   0.00000000e+00   0.00000000e+00   0.00000000e+00
   0.00000000e+00   0.00000000e+00   0.00000000e+00   0.00000000e+00
   0.00000000e+00   0.00000000e+00   0.00000000e+00   0.00000000e+00
   0.00000000e+00   0.00000000e+00   0.00000000e+00   0.00000000e+00
   0.00000000e+00   0.00000000e+00   0.00000000e+00   0.00000000e+00
   3.51414192e-02   4.98571994e-01   4.99419839e-01   5.04141648e-01
   5.71418472e-01   1.40118555e+00   1.58643011e+00   1.87661316e+00
   1.98641217e+00   2.30920231e+00   4.49998935e+00   5.73323650e+00
   7.47398542e+00   7.81974287e+00   7.92641730e+00   8.04411288e+00
   1.03265662e+01   1.13012238e+01   1.21801941e+01   1.23370711e+01
   1.24090694e+01   1.24505962e+01   1.26473190e+01   1.38445612e+01
   1.65469745e+01   1.88672283e+01   2.44293680e+01   3.09750851e+01
   3.71745400e+01   3.84384464e+01   4.04885406e+01   4.10650844e+01]
Grafo numero5
[ -3.45525749e-08   0.00000000e+00   0.00000000e+00   0.00000000e+00
   0.00000000e+00   0.00000000e+00   0.00000000e+00   0.00000000e+00
   0.00000000e+00   0.00000000e+00   0.00000000e+00   0.00000000e+00
   0.00000000e+00   0.00000000e+00   0.00000000e+00   0.00000000e+00
   0.00000000e+00   0.00000000e+00   0.00000000e+00   0.00000000e+00
   0.00000000e+00   0.00000000e+00   0.00000000e+00   0.00000000e+00
   0.00000000e+00   0.00000000e+00   0.00000000e+00   0.00000000e+00
   0.00000000e+00   0.00000000e+00   0.00000000e+00   0.00000000e+00
   0.00000000e+00   0.00000000e+00   0.00000000e+00   0.00000000e+00
   0.00000000e+00   0.00000000e+00   0.00000000e+00   0.00000000e+00
   0.00000000e+00   1.21542446e-01   4.42670818e-01   4.84627464e-01
   4.99332019e-01   4.99717337e-01   5.05937693e-01   1.42345368e+00
   1.45006202e+00   1.76139556e+00   1.90683905e+00   1.99525776e+00
   4.47395879e+00   4.50770951e+00   5.91278520e+00   7.05861407e+00
   8.75107685e+00   9.39893760e+00   1.40132450e+01   1.46158486e+01
   1.50316592e+01   1.71194607e+01   1.72963448e+01   1.78434950e+01
   2.44944772e+01   2.73351343e+01   3.65627149e+01   3.70806113e+01
   3.99344770e+01   5.20914935e+01   5.56214122e+01   6.45934518e+01
   7.04661306e+01   7.16956933e+01   7.92443225e+01   8.30092553e+01
   8.56475665e+01   8.70246123e+01   9.13813367e+01   1.05788333e+02
   1.21931604e+02   1.26054189e+02   1.33594812e+02   1.69081760e+02
   1.73867300e+02   1.85146665e+02   1.89260470e+02   2.17405031e+02
   2.19435868e+02   2.40180855e+02   2.99292419e+02   3.25542258e+02
   3.66489276e+02   3.78424471e+02   4.34037607e+02   4.38305038e+02
   4.46380474e+02   4.58572308e+02   4.65367444e+02   5.16901891e+02]
Grafo numero6
[  0.00000000e+00   0.00000000e+00   0.00000000e+00   0.00000000e+00
   0.00000000e+00   0.00000000e+00   0.00000000e+00   0.00000000e+00
   0.00000000e+00   0.00000000e+00   0.00000000e+00   0.00000000e+00
   0.00000000e+00   0.00000000e+00   0.00000000e+00   0.00000000e+00
   0.00000000e+00   0.00000000e+00   0.00000000e+00   0.00000000e+00
   0.00000000e+00   0.00000000e+00   0.00000000e+00   0.00000000e+00
   0.00000000e+00   0.00000000e+00   0.00000000e+00   0.00000000e+00
   0.00000000e+00   0.00000000e+00   0.00000000e+00   0.00000000e+00
   0.00000000e+00   0.00000000e+00   0.00000000e+00   0.00000000e+00
   0.00000000e+00   0.00000000e+00   0.00000000e+00   0.00000000e+00
   0.00000000e+00   0.00000000e+00   0.00000000e+00   0.00000000e+00
   0.00000000e+00   0.00000000e+00   0.00000000e+00   0.00000000e+00
   0.00000000e+00   0.00000000e+00   0.00000000e+00   0.00000000e+00
   0.00000000e+00   0.00000000e+00   0.00000000e+00   0.00000000e+00
   0.00000000e+00   0.00000000e+00   0.00000000e+00   0.00000000e+00
   0.00000000e+00   0.00000000e+00   0.00000000e+00   0.00000000e+00
   4.39684956e-11   1.23186231e-09   1.15351967e-07   3.69515031e-01
   3.85603638e-01   4.92499313e-01   4.95837985e-01   4.99011991e-01
   4.99287808e-01   4.99690153e-01   5.09972987e-01   5.65686249e-01
   1.01124698e+00   1.76331529e+00   1.99718232e+00   2.00000000e+00
   2.01359877e+00   2.90452624e+00   3.83498185e+00   4.50110829e+00
   7.01195494e+00   7.45488480e+00   1.24357417e+01   1.25040374e+01
   1.33859517e+01   1.45271508e+01   1.52620214e+01   1.68353013e+01
   1.79376791e+01   1.79783392e+01   1.83070938e+01   2.15254507e+01
   2.42157566e+01   3.20000000e+01   3.24138096e+01   3.86512500e+01]
Grafo numero7
[ -4.75509925e-10   0.00000000e+00   0.00000000e+00   0.00000000e+00
   0.00000000e+00   0.00000000e+00   0.00000000e+00   0.00000000e+00
   0.00000000e+00   0.00000000e+00   0.00000000e+00   0.00000000e+00
   0.00000000e+00   0.00000000e+00   0.00000000e+00   0.00000000e+00
   0.00000000e+00   0.00000000e+00   0.00000000e+00   0.00000000e+00
   0.00000000e+00   0.00000000e+00   0.00000000e+00   0.00000000e+00
   0.00000000e+00   0.00000000e+00   0.00000000e+00   0.00000000e+00
   0.00000000e+00   0.00000000e+00   0.00000000e+00   0.00000000e+00
   0.00000000e+00   0.00000000e+00   0.00000000e+00   0.00000000e+00
   0.00000000e+00   0.00000000e+00   0.00000000e+00   0.00000000e+00
   0.00000000e+00   0.00000000e+00   0.00000000e+00   0.00000000e+00
   0.00000000e+00   0.00000000e+00   0.00000000e+00   0.00000000e+00
   0.00000000e+00   0.00000000e+00   0.00000000e+00   0.00000000e+00
   0.00000000e+00   0.00000000e+00   0.00000000e+00   0.00000000e+00
   0.00000000e+00   0.00000000e+00   0.00000000e+00   0.00000000e+00
   0.00000000e+00   0.00000000e+00   0.00000000e+00   0.00000000e+00
   0.00000000e+00   0.00000000e+00   0.00000000e+00   0.00000000e+00
   0.00000000e+00   0.00000000e+00   0.00000000e+00   0.00000000e+00
   0.00000000e+00   0.00000000e+00   0.00000000e+00   0.00000000e+00
   0.00000000e+00   0.00000000e+00   0.00000000e+00   0.00000000e+00
   0.00000000e+00   0.00000000e+00   0.00000000e+00   0.00000000e+00
   0.00000000e+00   0.00000000e+00   0.00000000e+00   0.00000000e+00
   0.00000000e+00   0.00000000e+00   0.00000000e+00   0.00000000e+00
   0.00000000e+00   0.00000000e+00   0.00000000e+00   0.00000000e+00
   0.00000000e+00   0.00000000e+00   0.00000000e+00   0.00000000e+00]
Grafo numero8
[ -1.85496278e-09   0.00000000e+00   0.00000000e+00   0.00000000e+00
   0.00000000e+00   0.00000000e+00   0.00000000e+00   0.00000000e+00
   0.00000000e+00   0.00000000e+00   0.00000000e+00   0.00000000e+00
   0.00000000e+00   0.00000000e+00   0.00000000e+00   0.00000000e+00
   0.00000000e+00   0.00000000e+00   0.00000000e+00   0.00000000e+00
   0.00000000e+00   0.00000000e+00   0.00000000e+00   0.00000000e+00
   0.00000000e+00   0.00000000e+00   0.00000000e+00   0.00000000e+00
   0.00000000e+00   0.00000000e+00   0.00000000e+00   0.00000000e+00
   0.00000000e+00   0.00000000e+00   0.00000000e+00   0.00000000e+00
   0.00000000e+00   0.00000000e+00   0.00000000e+00   0.00000000e+00
   0.00000000e+00   0.00000000e+00   0.00000000e+00   0.00000000e+00
   0.00000000e+00   0.00000000e+00   0.00000000e+00   0.00000000e+00
   0.00000000e+00   0.00000000e+00   0.00000000e+00   0.00000000e+00
   0.00000000e+00   0.00000000e+00   0.00000000e+00   0.00000000e+00
   0.00000000e+00   0.00000000e+00   0.00000000e+00   0.00000000e+00
   0.00000000e+00   0.00000000e+00   0.00000000e+00   0.00000000e+00
   0.00000000e+00   0.00000000e+00   0.00000000e+00   0.00000000e+00
   0.00000000e+00   0.00000000e+00   0.00000000e+00   0.00000000e+00
   0.00000000e+00   0.00000000e+00   0.00000000e+00   0.00000000e+00
   0.00000000e+00   0.00000000e+00   0.00000000e+00   0.00000000e+00
   0.00000000e+00   0.00000000e+00   0.00000000e+00   0.00000000e+00
   0.00000000e+00   0.00000000e+00   0.00000000e+00   0.00000000e+00
   0.00000000e+00   0.00000000e+00   0.00000000e+00   0.00000000e+00
   0.00000000e+00   0.00000000e+00   0.00000000e+00   0.00000000e+00
   0.00000000e+00   0.00000000e+00   0.00000000e+00   0.00000000e+00]
Grafo numero9
[  0.00000000e+00   0.00000000e+00   0.00000000e+00   0.00000000e+00
   0.00000000e+00   0.00000000e+00   0.00000000e+00   0.00000000e+00
   0.00000000e+00   0.00000000e+00   0.00000000e+00   0.00000000e+00
   0.00000000e+00   0.00000000e+00   0.00000000e+00   0.00000000e+00
   0.00000000e+00   0.00000000e+00   0.00000000e+00   0.00000000e+00
   0.00000000e+00   0.00000000e+00   0.00000000e+00   0.00000000e+00
   0.00000000e+00   0.00000000e+00   0.00000000e+00   0.00000000e+00
   0.00000000e+00   0.00000000e+00   0.00000000e+00   0.00000000e+00
   0.00000000e+00   0.00000000e+00   0.00000000e+00   0.00000000e+00
   0.00000000e+00   0.00000000e+00   0.00000000e+00   0.00000000e+00
   0.00000000e+00   0.00000000e+00   0.00000000e+00   0.00000000e+00
   0.00000000e+00   0.00000000e+00   0.00000000e+00   0.00000000e+00
   0.00000000e+00   0.00000000e+00   0.00000000e+00   0.00000000e+00
   0.00000000e+00   0.00000000e+00   0.00000000e+00   0.00000000e+00
   0.00000000e+00   0.00000000e+00   0.00000000e+00   0.00000000e+00
   0.00000000e+00   0.00000000e+00   0.00000000e+00   0.00000000e+00
   0.00000000e+00   3.13448198e-08   6.86831080e-02   4.08900124e-01
   4.68704296e-01   4.71949424e-01   4.95773013e-01   4.97959859e-01
   4.98215476e-01   4.98722436e-01   4.99449556e-01   4.99649234e-01
   4.99697706e-01   4.99764705e-01   4.99779803e-01   5.20692376e-01
   1.79571780e+00   1.99367443e+00   2.00967196e+00   3.33257698e+00
   4.41721121e+00   4.42340071e+00   4.45131807e+00   4.55267684e+00
   5.96899073e+00   7.90093393e+00   7.94306326e+00   7.97293164e+00
   8.08383878e+00   1.22931959e+01   1.24071155e+01   1.25598586e+01
   1.70527952e+01   1.74244448e+01   1.79251040e+01   2.45838918e+01]
Grafo numero10
[  0.00000000e+00   0.00000000e+00   0.00000000e+00   0.00000000e+00
   0.00000000e+00   0.00000000e+00   0.00000000e+00   0.00000000e+00
   0.00000000e+00   0.00000000e+00   0.00000000e+00   0.00000000e+00
   0.00000000e+00   0.00000000e+00   0.00000000e+00   0.00000000e+00
   0.00000000e+00   0.00000000e+00   0.00000000e+00   0.00000000e+00
   0.00000000e+00   0.00000000e+00   0.00000000e+00   0.00000000e+00
   0.00000000e+00   0.00000000e+00   0.00000000e+00   0.00000000e+00
   0.00000000e+00   0.00000000e+00   0.00000000e+00   0.00000000e+00
   0.00000000e+00   0.00000000e+00   0.00000000e+00   0.00000000e+00
   0.00000000e+00   0.00000000e+00   0.00000000e+00   0.00000000e+00
   0.00000000e+00   0.00000000e+00   0.00000000e+00   0.00000000e+00
   0.00000000e+00   0.00000000e+00   0.00000000e+00   0.00000000e+00
   4.29901093e-09   4.64599049e-01   4.70979905e-01   4.83921678e-01
   4.89095715e-01   4.92335870e-01   4.98764946e-01   5.05154752e-01
   1.32939585e+00   1.55690897e+00   2.00122624e+00   4.44383307e+00
   4.47110766e+00   4.52075174e+00   7.17793180e+00   7.91222842e+00
   1.33295297e+01   1.60401775e+01   1.76381723e+01   1.78417300e+01
   1.93922505e+01   3.03313077e+01   3.21865433e+01   3.86810182e+01
   4.36771872e+01   5.99149839e+01   6.04718755e+01   6.59962348e+01
   7.32525100e+01   1.00363301e+02   1.09246885e+02   1.11824593e+02
   1.13400383e+02   1.15984532e+02   1.38837926e+02   1.46368608e+02
   1.48353087e+02   1.70769824e+02   1.78835461e+02   1.81185880e+02
   1.90718501e+02   1.93457818e+02   2.10104520e+02   3.03588410e+02
   3.07446979e+02   3.37486503e+02   3.59641079e+02   3.90724160e+02
   4.10835037e+02   4.14729829e+02   4.50032433e+02   4.53565452e+02]
Grafo numero11
[  0.00000000e+00   0.00000000e+00   0.00000000e+00   0.00000000e+00
   0.00000000e+00   0.00000000e+00   0.00000000e+00   0.00000000e+00
   0.00000000e+00   0.00000000e+00   0.00000000e+00   0.00000000e+00
   0.00000000e+00   0.00000000e+00   0.00000000e+00   0.00000000e+00
   0.00000000e+00   0.00000000e+00   0.00000000e+00   0.00000000e+00
   0.00000000e+00   0.00000000e+00   0.00000000e+00   0.00000000e+00
   0.00000000e+00   0.00000000e+00   0.00000000e+00   0.00000000e+00
   0.00000000e+00   0.00000000e+00   0.00000000e+00   0.00000000e+00
   0.00000000e+00   0.00000000e+00   0.00000000e+00   0.00000000e+00
   0.00000000e+00   0.00000000e+00   0.00000000e+00   0.00000000e+00
   0.00000000e+00   0.00000000e+00   0.00000000e+00   0.00000000e+00
   0.00000000e+00   0.00000000e+00   0.00000000e+00   0.00000000e+00
   0.00000000e+00   0.00000000e+00   3.66911495e-09   3.83170931e-08
   2.35978325e-01   2.61284525e-01   4.33161199e-01   4.78825093e-01
   4.83452084e-01   4.99117231e-01   1.09508549e+00   1.95583095e+00
   1.96151464e+00   1.96976947e+00   1.98511500e+00   2.00000000e+00
   2.01067858e+00   2.76826737e+00   2.97773607e+00   3.64300088e+00
   3.93243849e+00   4.47609751e+00   4.51474234e+00   7.71903711e+00
   7.95532727e+00   8.01733644e+00   8.59381611e+00   8.65550129e+00
   8.98481410e+00   1.22363059e+01   1.30242826e+01   1.40731699e+01
   1.46391292e+01   1.67999455e+01   1.73165888e+01   1.74917823e+01
   1.77339252e+01   2.03229667e+01   2.32772668e+01   2.65499021e+01
   3.09422878e+01   3.94813839e+01   4.88534367e+01   5.29993756e+01
   5.67284993e+01   7.12916640e+01   9.29077398e+01   9.49611704e+01
   1.05032109e+02   1.13542940e+02   1.16664006e+02   1.19402644e+02]
Grafo numero12
[  0.00000000e+00   0.00000000e+00   0.00000000e+00   0.00000000e+00
   0.00000000e+00   0.00000000e+00   0.00000000e+00   0.00000000e+00
   0.00000000e+00   0.00000000e+00   0.00000000e+00   0.00000000e+00
   0.00000000e+00   0.00000000e+00   0.00000000e+00   0.00000000e+00
   0.00000000e+00   0.00000000e+00   0.00000000e+00   0.00000000e+00
   0.00000000e+00   0.00000000e+00   0.00000000e+00   0.00000000e+00
   0.00000000e+00   0.00000000e+00   0.00000000e+00   0.00000000e+00
   0.00000000e+00   0.00000000e+00   0.00000000e+00   0.00000000e+00
   0.00000000e+00   0.00000000e+00   0.00000000e+00   0.00000000e+00
   0.00000000e+00   0.00000000e+00   0.00000000e+00   0.00000000e+00
   0.00000000e+00   0.00000000e+00   0.00000000e+00   0.00000000e+00
   0.00000000e+00   0.00000000e+00   0.00000000e+00   0.00000000e+00
   0.00000000e+00   0.00000000e+00   0.00000000e+00   0.00000000e+00
   0.00000000e+00   0.00000000e+00   0.00000000e+00   0.00000000e+00
   0.00000000e+00   0.00000000e+00   0.00000000e+00   0.00000000e+00
   0.00000000e+00   0.00000000e+00   0.00000000e+00   0.00000000e+00
   0.00000000e+00   0.00000000e+00   0.00000000e+00   0.00000000e+00
   0.00000000e+00   0.00000000e+00   0.00000000e+00   0.00000000e+00
   0.00000000e+00   0.00000000e+00   2.03137749e-09   2.83807812e-08
   4.74371363e-01   4.78057837e-01   4.97685246e-01   4.98166189e-01
   4.98340093e-01   4.99546199e-01   5.11795507e-01   1.84340617e+00
   1.97589007e+00   1.97901586e+00   1.98641661e+00   1.99627386e+00
   1.99789784e+00   2.04000160e+00   2.98248164e+00   4.47070237e+00
   7.95156852e+00   1.04453042e+01   1.23127470e+01   1.25482292e+01
   1.88980617e+01   2.43218052e+01   3.53303538e+01   4.05000000e+01]
Grafo numero13
[ -3.96173069e-08   0.00000000e+00   0.00000000e+00   0.00000000e+00
   0.00000000e+00   0.00000000e+00   0.00000000e+00   0.00000000e+00
   0.00000000e+00   0.00000000e+00   0.00000000e+00   0.00000000e+00
   0.00000000e+00   0.00000000e+00   0.00000000e+00   0.00000000e+00
   0.00000000e+00   0.00000000e+00   0.00000000e+00   0.00000000e+00
   0.00000000e+00   0.00000000e+00   0.00000000e+00   0.00000000e+00
   0.00000000e+00   0.00000000e+00   0.00000000e+00   0.00000000e+00
   0.00000000e+00   0.00000000e+00   0.00000000e+00   0.00000000e+00
   0.00000000e+00   0.00000000e+00   0.00000000e+00   0.00000000e+00
   0.00000000e+00   0.00000000e+00   0.00000000e+00   0.00000000e+00
   2.15601124e-08   3.00792958e-02   3.81476851e-01   3.87681841e-01
   4.87927043e-01   4.94732477e-01   4.96648762e-01   5.02621021e-01
   1.75171550e+00   1.80388127e+00   1.91793976e+00   1.94013795e+00
   1.95437232e+00   1.97043753e+00   1.99999997e+00   2.01108573e+00
   4.19880374e+00   4.37210049e+00   4.49496728e+00   7.51662343e+00
   7.99255176e+00   1.11951439e+01   1.19412711e+01   1.73567212e+01
   2.16148796e+01   2.19776652e+01   2.54664963e+01   2.68585527e+01
   2.96936262e+01   3.37413731e+01   3.48283448e+01   3.73618804e+01
   4.16146556e+01   4.23781330e+01   5.08814833e+01   5.21485329e+01
   5.49015862e+01   6.04004086e+01   6.57677349e+01   6.82950846e+01
   7.03042038e+01   7.11591392e+01   7.27240010e+01   7.78533010e+01
   1.08287287e+02   1.10213843e+02   1.19398298e+02   1.32880987e+02
   1.43759000e+02   1.45432649e+02   1.51139840e+02   1.60648858e+02
   1.65121874e+02   1.74837170e+02   2.02986336e+02   2.19047840e+02
   2.23371806e+02   2.39841703e+02   2.40856402e+02   2.41878453e+02]
Grafo numero14
[ -7.69951285e-08  -6.38803761e-09   0.00000000e+00   0.00000000e+00
   0.00000000e+00   0.00000000e+00   0.00000000e+00   0.00000000e+00
   0.00000000e+00   0.00000000e+00   0.00000000e+00   0.00000000e+00
   0.00000000e+00   0.00000000e+00   0.00000000e+00   0.00000000e+00
   0.00000000e+00   0.00000000e+00   0.00000000e+00   0.00000000e+00
   0.00000000e+00   0.00000000e+00   0.00000000e+00   0.00000000e+00
   0.00000000e+00   0.00000000e+00   0.00000000e+00   0.00000000e+00
   0.00000000e+00   0.00000000e+00   0.00000000e+00   0.00000000e+00
   0.00000000e+00   0.00000000e+00   0.00000000e+00   0.00000000e+00
   0.00000000e+00   0.00000000e+00   0.00000000e+00   0.00000000e+00
   0.00000000e+00   0.00000000e+00   0.00000000e+00   0.00000000e+00
   0.00000000e+00   0.00000000e+00   0.00000000e+00   0.00000000e+00
   0.00000000e+00   0.00000000e+00   0.00000000e+00   0.00000000e+00
   0.00000000e+00   0.00000000e+00   0.00000000e+00   0.00000000e+00
   0.00000000e+00   0.00000000e+00   0.00000000e+00   0.00000000e+00
   0.00000000e+00   0.00000000e+00   0.00000000e+00   0.00000000e+00
   0.00000000e+00   0.00000000e+00   0.00000000e+00   0.00000000e+00
   0.00000000e+00   0.00000000e+00   0.00000000e+00   0.00000000e+00
   0.00000000e+00   0.00000000e+00   0.00000000e+00   0.00000000e+00
   0.00000000e+00   0.00000000e+00   0.00000000e+00   0.00000000e+00
   0.00000000e+00   0.00000000e+00   0.00000000e+00   0.00000000e+00
   0.00000000e+00   0.00000000e+00   0.00000000e+00   0.00000000e+00
   0.00000000e+00   0.00000000e+00   0.00000000e+00   0.00000000e+00
   0.00000000e+00   0.00000000e+00   0.00000000e+00   0.00000000e+00
   0.00000000e+00   0.00000000e+00   0.00000000e+00   0.00000000e+00]
