El valor medio de los autovalores es: 1.94040626458e-09
EL valor medio del autovector es: 
0.000493008831354
0.000358635783972
0.000460111418086
0.000385513296692
0.000490983160065
0.000471456794041
0.000458669905592
0.000605742734531
0.00046041148775
0.000459085165727
0.000458484259374
0.000399635112651
0.000399781902737
0.000391965666369
0.000499962614109
0.00046779868978
0.000459175035589
0.000458995755557
0.000459385214007
0.000460252980878
-0.000444157570908
-0.00286833678119
9.28142175972e-05
0.0
0.000375568652081
9.48532004418e-05
0.00538488064108
0.0663751122042
-0.00174078479905
5.51206380589e-05
0.000261340915883
-0.000119626364556
0.000447757125176
0.000223986359256
0.000668643929596
-0.000922879551646
0.000632291899759
0.000618919672748
0.000315405847377
-0.000487603568218
7.41852217601e-06
0.0006482737553
0.00063546942966
0.000635331699148
0.00063860437828
0.000618532669766
0.000429657124745
0.000239595057251
-0.0637231409531
-0.000471653392437
0.000983201766226
0.000637320740015
0.000709111628567
0.00101069335943
0.000596287955878
0.000375616387257
0.000336452393896
0.000228671459274
-0.000891956941547
0.000401912558566
0.00039281564813
0.00039377726715
0.000446311731108
-0.000279327887184
0.000254152091904
-0.00121502215533
-0.000240136383574
0.000426669619744
0.000343388781965
0.000407433608122
0.000458897816524
9.13615513124e-05
0.000459626017096
0.000460146636493
6.87706878221e-05
0.0
-1.68876222149e-10
0.0
0.000557249055228
0.000748440426562
-0.00417830517595
0.000516705286595
0.000458673253435
0.00060548975286
0.000194951437755
-4.95518915318e-05
0.000674824519466
-0.00267660443637
0.000618544848959
0.000250687643073
0.000369312943278
0.000689333611186
0.000677064248678
0.000513135006941
0.000463987660989
0.00121671251706
0.00130074039119
0.000561469287318
0.000512144662924
0.000587538747202
0.00129847042297
0.00109866522993
0.000652735692852
0.000310409765011
0.000668486861437
0.00229727481692
0.0017933049194
0.000637971640708
0.000638221740197
0.000637794669908
0.000626621610262
0.011522468561
0.000421613727506
0.0555408074573
6.71612268314e-05
0.000640107186749
0.000638196999776
0.000636948968006
0.000628644527389
0.00061730239769
0.000609903228986
0.000275250158494
0.000252446226355
0.000642900493214
0.000641436913482
0.000640231549251
0.000637760584127
0.000621289910279
0.000602481782239
0.000605230898029
0.000593684747917
0.000271039136092
0.000383484459509
0.000642633496396
0.000642498848685
0.000640779955938
0.000643731848577
0.000590329420973
0.000597970738141
0.000602245564557
0.000615346987292
0.00104798498365
-1.98906877345e-05
0.000460602070689
0.000646396927691
0.000640731295229
0.000492954292281
0.000350155786642
0.000552218604653
0.000602336133113
0.00142980695977
0.000924732359314
0.000292261812778
0.000662792138273
0.000639354826628
0.000562216111604
-0.0636675897351
-0.00167572711875
-0.00403882108285
6.49762425141e-05
-5.25521855426e-05
-2.71615795295e-05
2.93349756482e-05
0.00151106524512
4.76522985832e-05
0.000717158470223
0.000710564836953
0.000587884493455
0.000521045425697
0.00086145470781
0.000497308538989
0.00161686836256
0.0016883551923
0.000584370636574
0.0017348169006
0.000743285395186
0.000569757718259
0.00163091981396
0.00163918373107
0.000648473682315
0.000690907083476
0.00192133524778
0.000403985234432
0.00142264086183
0.000686623918992
-0.0525985597129
0.000621824547838
0.000548495260617
0.000661410059984
0.000686465319779
0.000673421012514
0.000668077400621
0.000617435446926
0.000195053209995
0.00033816338713
0.000680146559532
0.00065583053981
0.000705212635277
0.000718980118391
0.000678127375757
0.000685799450036
0.000655815452303
0.00065263447758
0.000722372303787
0.000396428764822
0.000691788472598
0.0006589406757
0.000644146865425
0.000539105493144
0.000627869816436
0.0224770011804
0.0224609837341
0.000647913935072
0.000648644982911
0.000800973811102
4.65686735843e-06
0.000623932238996
0.00066368328305
0.000646561716378
0.000645723007113
0.00063879146244
0.000638213313318
0.000637944518448
0.000633518029254
0.000640382083406
0.000646703720283
0.00107126453009
6.85933925554e-05
-0.00203781147322
0.000688538166276
0.00064163684807
0.000644147798022
0.000639918600591
0.000637262325201
0.000630590173308
0.000620792252106
-0.0489984270955
0.000666045445482
0.00072528457429
0.00189799089434
0.000219218952349
0.000621264827052
0.000658145760059
0.000641296247967
0.000640137132189
0.000638939905665
0.000618494272829
0.000618210987234
0.000538511696672
0.000630859347898
0.000694678808322
0.000195487482826
0.000602905865329
0.000641245304474
0.000642059473755
0.000640332928281
0.000639102586356
0.000604685362677
0.000607119548689
0.00061315053261
0.000645366509832
0.000195593697542
0.000116652649421
0.00206547906088
0.000643804344864
0.000640859824051
0.000634634152035
0.000586699048155
0.000588745914387
0.000598502264892
0.00220578175915
0.000308464285065
0.00106003803604
0.000550980178688
0.000548031449588
-0.0128754441514
0.000431922585671
0.000428055087445
0.000429445763429
0.000453535218021
8.78552087246e-06
0.000157507786474
0.000106349669004
0.000496737112694
-0.000165345470812
0.000206205380716
-0.000816439205183
-0.000549142017703
0.000255098201421
0.000275105909717
7.80170020061e-05
0.000282491321573
0.0111948763819
0.000908300419366
0.000693437988885
0.000692762950032
0.000720070396232
0.000545153187895
-0.00119717599821
0.000288214286747
0.000236355000744
0.000652083729621
0.000693992839647
0.000642236515435
0.000644907030738
0.000644085782816
0.000643124176513
0.000363361795361
0.00038451755521
0.000142735335076
0.000275877014555
0.000643264326343
0.000645216523317
0.000642279623745
0.00064361489025
0.000643333152869
0.000642908276414
0.000644039568777
0.000643182982847
0.0
2.06352182272e-05
0.000636808314112
0.000615751482866
0.000639033036748
0.000641234732074
0.000642615952289
0.000642399936281
0.000642422915855
0.000649429375753
0.000444774162952
-0.000915482421628
0.000169532228959
0.000505897790592
0.000639467939325
0.000639948812643
0.00101510965896
0.000636755614233
0.000643605753266
0.000645618031199
0.000651486275378
0.000314231047432
0.000899907023288
0.000676467328522
0.000642394485885
0.00064124420553
0.000641178048785
0.000639985770928
0.000640472313028
0.000646567586121
0.000644061900554
0.000641894574542
0.00079900148538
3.75175320388e-05
0.000765049694823
0.000639470299559
0.00063930689046
0.000642034774471
0.000639990579346
0.000639604881213
0.000639486017991
0.000640171729185
0.000640633847871
0.000642928532308
0.000703388955245
0.000563252890578
-0.000668045701284
0.000632245037193
0.00063837200127
0.000639152871845
0.00064066264536
0.000637507023406
0.000635010603447
0.000636625085399
0.000628727747452
0.000643174804151
0.000651711042203
-0.000144600378135
-0.000668813775949
0.000598928747843
0.00063835443774
0.000638297819102
0.000652376269465
0.000639287190132
0.000613351902012
0.0380862913042
0.000638173911863
0.000641976196106
0.000644425979082
0.00073620956982
0.00038902164251
0.000705516622014
0.000640801189283
0.000651467986909
0.000654411846235
0.000640444697271
0.000613164559294
0.000650539468642
0.000636629202105
0.000639282115682
0.000650225749445
0.00114726911245
0.000873209531754
0.00111874256641
0.000643585653396
0.000506293880376
0.000567580646959
0.000661192162665
0.00066448368588
0.000638220619197
0.000639228980908
0.0077284918561
0.0
0.000567097270489
0.000656028993603
0.000653106368193
0.000463615814527
0.00105869563346
0.00068948880759
0.000649987249967
0.000652588335665
0.000661840575917
0.000590827174604
0.00052512601296
0.000361214583757
0.00101277070505
-0.000796208230701
0.000888374108545
8.24110011724e-05
0.00120524422848
0.000368481233862
-0.000252469145452
0.000210865428212
0.000193459187806
0.000325738691336
0.00179779938364
-0.000787372119779
0.00067464765048
0.000666094872484
0.00065571322248
0.000734339166871
0.0006976274225
0.000719954593222
0.000693921587984
0.000440448654825
0.000108129051485
0.00064712580253
0.000644241126281
0.000639354600287
0.000645263180001
0.000642510204084
0.000639989313408
0.0006427231397
0.000670623869116
0.000755753985426
0.0002874195974
0.00064144957106
0.000640907597412
0.000639279041308
0.000639365607434
0.000640253161689
0.000639844957691
0.000640913126599
0.000641412779
0.000677938981024
0.000456723327218
0.000641482398606
0.000637179556367
0.000638478207416
0.000638868795474
0.000639830847416
0.000639882553168
0.00064020911257
0.000641165608477
0.000558560348593
0.00021104970662
0.000572380063153
0.000644866164747
0.000637288194326
0.000637607590189
0.000639104055997
0.000640018418463
0.000640069887792
0.000641179651277
0.000663244218584
0.000542511025614
-0.0177110478177
-0.011651598178
0.000626791786127
0.000639852059502
0.000639360554169
0.000639518210423
0.000639812445594
0.000640149600158
0.000641365069267
0.000649611527555
0.000760185742742
0.0005733671995
-0.0191469981303
0.000637851883866
0.000637265903204
0.0006386462956
0.00063940983461
0.000639420157909
0.000639664841863
0.000639777006317
0.000639466289735
0.000640725314239
0.000649404120061
0.000227646703751
-0.0174056217134
0.0006357273212
0.000637604324051
0.000638590480804
0.000639181703906
0.000639194669106
0.000638790543974
0.000639608655453
0.000638461709203
0.000639486691914
0.000640663764155
0.000371454078434
0.000533920796116
0.000634259600922
0.000636982111615
0.000638510437004
0.000638698934618
0.000543612055729
0.000643503436501
0.000640691269129
0.000638093279295
0.000638525674555
0.00063931107304
0.0003472903377
0.000734392286255
0.000584437418024
0.000638176070274
0.000637898997645
0.000637182156542
-0.00220989512653
0.000427002195081
0.000640005735798
0.000638702467741
0.000639469250933
0.000648567510863
0.000342689532608
0.000428888014411
0.000637024644982
0.000637111149358
0.000638593799213
0.000642949850227
0.000669139534911
0.000639110839295
0.000636810895259
0.000631988042345
0.00103248939613
0.000257814935762
0.000655803184034
0.000639559361286
0.00064226146222
0.000659991830279
0.00069189332236
0.000645823371999
0.000635737260416
0.000494089763454
0.000474522661599
0.000135575751388
0.000782871784576
0.000758259413895
0.00201295125796
0.00234297989951
0.000517486901509
0.000666762239619
-0.0332623951387
0.000460329547352
0.000165727254308
0.0319299266766
0.000351321749993
-9.13691728867e-05
0.000479325260162
0.00968759352385
0.00423652321121
0.0030687254311
0.00391309446862
-0.00245709070122
0.000681206889205
0.000644903255522
0.00067812774943
0.000705047883653
0.000643683447413
0.000736056377986
-0.00275856634792
0.000323092194402
0.000644664162641
0.000641793562859
0.000637303008642
0.000641412737273
0.000642306467959
0.000639279176749
0.000640891482251
0.000730422991841
0.000181788612892
0.000673061865187
0.000640839551487
0.000640233827334
0.000639104370713
0.000639016714548
0.000639063875866
0.000639174909581
0.00064050841613
0.000642377039534
0.000279278579945
0.000645074297762
0.000639803952768
0.000639366166395
0.000639039062352
0.000638905886784
0.000638872915416
0.000639663740879
0.000639449566786
0.000640180162233
0.00054098591659
-0.000405849027955
0.00063848942327
0.000639298267393
0.000638945302968
0.000639009148677
0.000640353479635
0.000640013293268
0.000639666320895
0.000640106375745
0.000640519222068
0.000650547967914
-0.019043043708
0.000629690145765
0.000638246306846
0.000639065416556
0.000639309858889
0.000639801856185
0.000639771860033
0.000639658999899
0.000640023585969
0.000641576483129
0.000662845365226
-0.00296875634655
-0.0178266368118
0.000607621171817
0.00062597108817
0.000638857434773
0.000639380244485
0.000639862978974
0.000639795471097
0.000639682553637
0.0006397733769
0.000648061272212
0.000645908380585
-0.00535650433994
-0.0221324447052
0.000634358505095
0.000635740672846
0.000638423714749
0.000639020753565
0.000639255321024
0.000639257909776
0.000639406651707
0.000639184332311
0.000638837700911
0.000641168725774
0.000211088901953
-0.0239289099727
0.000637008055086
0.000636417629852
0.000637984047969
0.000638525609007
0.000638884847252
0.000639123846503
0.000639274447106
0.000639177122832
0.00063828410579
0.000638361705249
0.000245997111586
-2.01588269333e-05
0.000651919541257
0.000638257655622
0.000638030015293
0.00063709125144
0.000608773127804
0.000450098501652
0.00063961337546
0.000639458225381
0.000639316385519
0.000649175721622
0.000125794847146
-0.0272510864664
0.000622567926428
0.000636761414372
0.000636032291384
0.000637435611682
0.000644257357832
0.000640083299844
0.000639078895696
0.000640171263971
0.000473691420551
-0.0449889814356
0.00056927648033
0.000636765293908
0.000638368891118
0.000642100099217
0.000641467358002
0.00064037886361
0.000640732726417
0.000661565082941
0.000965083484484
0.000101530176393
0.00155875792726
0.000661943131145
0.000739841106324
0.000601360160749
0.000584212479933
0.000648165735755
0.000816915207479
8.64456455563e-05
0.00146393260173
0.0384224865861
0.000411572301702
0.000273072394037
0.000439557300623
0.000370462197682
0.000288841342948
5.60341156855e-05
0.000310354730421
0.000561123402735
0.000667971786563
0.000675300229169
-0.000512409729556
0.000675970147956
0.00105733858686
0.0005613276236
0.000607074298327
0.000711502900379
0.000640477386353
0.000629679015674
0.00063597412029
0.000636993758963
0.000637231505174
0.000650879693632
0.000637292457824
0.000611847554771
0.00064088991208
0.000640250877209
0.00063781799997
0.000639928670782
0.000638911425057
0.000638777308438
0.000637047032782
0.000663702016708
0.0109971984436
0.00065568716371
0.000640253676631
0.000639655768029
0.00063897574718
0.000639137423277
0.00063921981622
0.000639377554223
0.000639566915288
0.000640230768994
0.000767022044304
0.000259691165515
0.000639721855181
0.000638673252567
0.000639058354731
0.000639150103166
0.000639455072509
0.000639460499513
0.000639558205283
0.000640128122461
0.000643645661331
0.000637723841798
-0.02475025373
0.000639846011388
0.00063876623261
0.000638946859492
0.000639291305691
0.000639528225481
0.000639511311868
0.000639568852072
0.000639845729649
0.000641279663558
0.00070515431968
-0.0350659149481
-0.0126760506675
0.00064399100267
0.000639362859553
0.000638718832577
0.000639203940277
0.000639394464894
0.000639468847963
0.000639562130706
0.000639697041628
0.000641534806699
0.000646676727569
0.00904737228084
-0.0328341355771
0.000631012396627
0.000637182235453
0.000638066506083
0.000638602560792
0.00063885937696
0.000639226802199
0.00063936872183
0.000639023525908
0.000638451011014
0.000629842141807
-0.0312214856005
0.000251790479405
0.000637043834971
0.000637276615433
0.000637885470583
0.00063819281065
0.000638546610919
0.000639279795288
0.000639139689346
0.000638797333522
0.000631722762715
0.000316464614854
-0.0230233546837
0.000202792458915
0.00044604278752
0.000638239651942
0.000637641468764
0.000638349797219
0.000640048239795
0.000640482981092
0.00063913460254
0.000638900598653
0.000627299458367
0.000658683875012
0.00131186199535
0.000384208154271
0.000643351911108
0.000637108821353
0.000638197900292
0.000639651128247
0.000642300118862
0.00063967108097
0.000639498496826
0.000642358959248
0.000629411049597
-0.00267008022497
0.00063515798834
0.000639473385727
0.000642063142684
0.000643418341125
0.000640890333768
0.00064507567799
0.000645717831268
0.000511058858768
0.000490082992795
0.000614634073329
0.000666793220657
0.000649118209438
0.000632125086093
-0.0496464733908
0.000459553926165
0.000658757446406
-0.000399551721718
-0.00045234259195
0.00135412245922
0.000115752767416
-0.0434148265026
0.000640668015015
0.000635750289437
0.000636292116166
0.000606296741652
-0.00834376043906
-0.0382623323819
0.000339567333865
0.000611381618545
0.000640856415272
0.000637610938693
0.000636296075854
0.000638793563199
0.000638898698573
0.000618670779111
0.000700859669891
0.00137380149475
0.00436853253878
0.000640469155644
0.000639349093551
0.000638300575415
0.000638645997516
0.000639207566139
0.00063929945051
0.000639751707707
0.000642836709752
-0.000291383295441
0.000664417045537
0.000639213661518
0.000638429046627
0.000639181551842
0.000639513684052
0.000639448272926
0.000639460161512
0.000640281471105
0.000640830528884
0.000548038370621
-0.0120995987315
0.000638687870606
0.00063892131043
0.000638838828098
0.000639261583169
0.000639467907177
0.000639681881008
0.00063959696047
0.000639647626967
0.000640070883462
0.000632739855789
6.96701235285e-05
-0.0216683125518
0.000654198468249
0.000639823297703
0.000638532027302
0.000638803819256
0.000639443087904
0.000639823447079
0.000639624192707
0.000639575192344
0.000640124758599
0.000642434429795
0.00179444942804
0.0476248464373
0.000622810510237
0.000635595068226
0.000638118675464
0.000638384361637
0.000638822095799
0.000639674308168
0.000639225093266
0.000639487090272
0.000638094799359
0.000638254798875
0.000275903809779
-0.010128109663
0.000354731589469
0.000635372756209
0.000637170766525
0.000638143247225
0.000638891606417
0.00063858404808
0.000638670948895
0.00063845732743
0.00063129444692
0.000627250922685
0.000660035646782
0.000711398877157
0.000635845907314
0.000636497451338
0.000638175059006
0.000638701645051
0.00063879023332
0.00063803021981
0.000633118131987
0.000495688603026
0.000651698995833
0.00176819347606
0.000744551366287
0.000634097177128
0.000638371600991
0.000641047895812
0.0006418860665
0.000636864237689
0.000639432632232
0.000683269899195
0.00133436965164
0.000223751152928
0.000645803167923
0.000400940815347
0.000422071605952
0.000662198347947
0.000653757756606
0.000549927908052
0.000787262823893
0.000108390166571
-0.00363329154936
0.00572873744526
0.000349527663578
0.00049615513008
0.000872485860248
0.000673308990714
0.000798686748069
-0.00289039652174
0.0216555582496
0.0107230297967
0.00133991981597
0.00314124365013
0.000384213609094
0.00613324252169
-5.01715903203e-05
0.00044156598437
0.000791220718585
0.000636411311256
0.000638542506707
0.000643650092472
0.000576855037595
0.0020638381908
6.11079114865e-05
0.00049482760398
0.00063931878429
0.000637781481416
0.000637420671783
0.000639316181152
0.000639452203503
0.000639753964672
0.000460901927678
6.59391591073e-05
0.000639614352807
0.000638771953751
0.000639184525372
0.000639243385834
0.000639379525653
0.000639585742689
0.000639621376406
0.000662403482844
0.000606469258472
0.000302906349472
0.000637177123343
0.000637400165012
0.000639194954631
0.000639152075092
0.000639600728707
0.000639666397612
0.000639996427404
0.000640917850515
0.00104818793191
0.00145541163825
-0.000882752257829
0.000638780534122
0.00063839582631
0.000638513105339
0.000638536551559
0.000639644502762
0.000639642822473
0.000639891330938
0.000640560824873
0.000507829295143
-0.0215691347149
-0.00057545641932
0.000635506165311
0.000636580776127
0.000638100007573
0.000638809072788
0.000639937058879
0.000638415701819
0.00063902949738
0.000639147634203
0.000496070831989
0.000337283978614
0.00063638324841
0.000619176436596
0.000637269910219
0.000636609742049
0.000638112176904
0.000635256542006
0.000631353623912
0.000616264412737
0.000506468639477
0.000551774535476
0.000550775248929
0.000543291098106
0.000637570443293
0.000639139364898
0.000639447898382
0.000633237192317
-0.0609209878709
-0.00120950343487
0.00126401523779
-0.000111366169018
0.000979128325729
0.000114366175154
0.000601643996126
0.000671158275952
0.000429956183383
0.000548743923203
0.000738692683946
0.000731656873014
0.000142780465046
-0.00276523654878
-0.0659867566126
7.98357677936e-05
-0.00127507744234
0.000297754415249
0.00050616286732
3.44233344658e-05
-6.95187820238e-06
6.00531619642e-05
3.15452008816e-05
0.00235767991647
0.000270038921836
0.000408102924274
0.000180599469479
-0.00089002560989
0.000251235804867
0.000569676566381
0.00064354499421
0.000621366575594
0.000584743953232
0.000618622860154
0.000478153822818
0.000634734673994
-0.00355093858276
0.000765460102438
0.000646679722277
0.000646305687368
0.00063946665257
0.000639736420748
0.000434772786072
0.000189688587111
-0.00289683375283
0.000583891463117
0.000624773890777
0.000638939517525
0.000639225830172
0.000639446946885
0.000639572330114
0.000538239022951
0.000367741058392
0.000558023450643
0.000664981723392
0.000638441241423
0.000638333054257
0.000638600074305
0.000639997451719
0.000639891559246
0.000641358276857
0.000647239176072
0.000573669825623
0.000893602160612
0.000489005921054
0.000639621589029
0.00063825676215
0.000638267654787
0.000645950895623
0.000638236683908
0.000640752646602
0.000619520491683
0.000470417801915
-0.000970402517251
0.000189277130825
0.000617398862832
0.00064013026679
0.000621904832952
0.000632296011651
0.000630232788147
0.000599597145504
0.000612723467848
0.000734778395516
0.000637420269587
0.000503348397607
0.000693241745331
-0.000511863263772
-0.00061297879755
-0.0043662571995
-0.0174771254726
-0.01652065068
0.00138868514835
-2.61793091014e-05
0.000665642536889
0.000747112703364
-0.00099301389341
-0.000312721490999
0.000503027569422
0.000350619528534
0.000190773569406
0.000186458737152
-0.000116045001128
-0.000115878025811
0.000298725776338
0.000224028256637
0.000277776312828
0.000218536257835
0.000211014868432
0.000219622095414
0.000216195052382
0.000435049386802
0.000117186075035
-0.00401948016821
0.000420267893826
0.000409518969551
0.000420913507776
-0.00218409660913
-0.000708030155058
-0.00385127894723
0.000537316471173
0.000568853165012
0.000569410021568
0.000410884219667
0.000292090183593
0.0
0.000435698314507
0.000611910240768
0.000651681343253
0.00016954062602
0.000307467767321
0.000263706353894
0.000355060481306
0.000800635032116
0.000485443369978
-0.00010584600016
4.2274334729e-06
-6.3837406201e-05
0.00150679217414
0.000524468385243
0.00679610301715
-0.00089437350155
-0.00225055422548
-0.000303224154153
